11,15,5,0,31
11,15,5,3,28
11,15,5,7,24
19,51,5,0,31
19,51,5,3,28
19,51,5,7,24
23,51,5,0,31
23,51,5,3,28
23,51,5,7,24
50,51,5,9,22
50,51,5,10,21
50,51,5,13,18
178,51,5,9,22
178,51,5,10,21
178,51,5,13,18
41,170,5,11,13
41,170,5,13,21
41,170,5,21,22
41,170,5,22,26
6,85,5,1,17
6,85,5,2,3
6,85,5,4,6
6,85,5,8,12
6,85,5,16,24
28,51,5,5,21
28,51,5,9,13
28,51,5,10,11
28,51,5,18,26
28,51,5,20,22
38,85,5,1,17
38,85,5,2,3
38,85,5,4,6
38,85,5,8,12
38,85,5,16,24
73,51,5,3,11
73,51,5,6,22
73,51,5,12,13
73,51,5,17,21
73,51,5,24,26
134,85,5,1,17
134,85,5,2,3
134,85,5,4,6
134,85,5,8,12
134,85,5,16,24
154,85,5,7,15
154,85,5,14,30
154,85,5,19,23
154,85,5,25,27
154,85,5,28,29
156,51,5,5,21
156,51,5,9,13
156,51,5,10,11
156,51,5,18,26
156,51,5,20,22
5,204,5,5,9
5,204,5,9,10
5,204,5,10,18
5,204,5,18,20
5,51,5,1,13
5,51,5,2,26
5,51,5,8,11
5,51,5,16,22
29,51,5,1,29
29,51,5,5,21
29,51,5,8,15
29,51,5,9,13
29,51,5,10,11
29,51,5,16,30
29,51,5,18,26
29,51,5,20,22
94,204,5,11,13
94,204,5,13,21
94,204,5,21,22
94,204,5,22,26
94,51,5,5,29
94,51,5,9,15
94,51,5,18,30
94,51,5,20,23
35,170,5,5,9
35,170,5,9,10
35,170,5,10,18
35,170,5,18,20
35,0,5,10,11
35,0,5,9,13
35,0,5,5,21
35,0,5,20,22
35,0,5,18,26
57,240,5,5,9
57,240,5,9,10
57,240,5,10,18
57,184,5,10,21
57,170,5,11,13
57,170,5,13,21
57,240,5,18,20
57,170,5,21,22
57,170,5,22,26
57,0,5,13,3
57,0,5,26,6
57,0,5,9,7
57,0,5,18,14
57,0,5,22,17
57,0,5,20,19
74,170,5,0,1
74,170,5,0,2
74,170,5,0,4
74,170,5,0,8
74,170,5,0,16
74,170,5,1,2
74,170,5,1,4
74,170,5,2,4
74,170,5,2,8
74,170,5,4,8
74,170,5,4,16
74,170,5,8,16
74,0,5,4,5
74,0,5,1,9
74,0,5,8,10
74,0,5,2,18
74,0,5,16,20
164,204,5,0,1
164,204,5,0,2
164,204,5,0,4
164,204,5,0,8
164,204,5,0,16
164,204,5,1,2
164,204,5,1,4
164,204,5,2,4
164,204,5,2,8
164,204,5,4,8
164,204,5,4,16
164,204,5,8,16
164,0,5,0,3
164,0,5,2,5
164,0,5,0,6
164,0,5,2,7
164,0,5,4,10
164,0,5,0,12
164,0,5,4,14
164,0,5,8,20
164,0,5,0,24
164,0,5,8,28
14,170,5,0,3
14,170,5,0,6
14,170,5,0,12
14,170,5,0,24
14,170,5,3,6
14,170,5,6,12
14,170,5,12,24
14,15,5,9,22
14,15,5,10,21
14,15,5,13,18
14,0,5,17,1
14,0,5,3,2
14,0,5,6,4
14,0,5,6,7
14,0,5,12,8
14,0,5,12,14
14,0,5,24,16
14,0,5,3,19
14,0,5,3,23
14,0,5,17,25
14,0,5,17,27
14,0,5,24,28
14,0,5,24,29
152,240,5,0,1
152,240,5,0,2
152,240,5,0,4
152,240,5,0,8
152,240,5,0,16
152,240,5,1,2
152,240,5,1,4
152,240,5,2,4
152,240,5,2,8
152,240,5,4,8
152,240,5,4,16
152,240,5,8,16
152,0,5,1,3
152,0,5,1,5
152,0,5,2,6
152,0,5,8,9
152,0,5,2,10
152,0,5,4,12
152,0,5,16,13
152,0,5,16,17
152,0,5,16,18
152,0,5,4,20
152,0,5,8,24
58,170,5,11,13
58,170,5,13,21
58,170,5,21,22
58,170,5,22,26
58,0,5,11,1
58,0,5,22,2
58,0,5,11,3
58,0,5,13,4
58,0,5,13,5
58,0,5,22,6
58,0,5,26,8
58,0,5,11,9
58,0,5,26,10
58,0,5,13,12
58,0,5,13,15
58,0,5,21,16
58,0,5,21,17
58,0,5,22,18
58,0,5,21,20
58,0,5,22,23
58,0,5,26,24
58,0,5,11,27
58,0,5,21,29
58,0,5,26,30
78,204,5,11,13
78,204,5,13,21
78,204,5,21,22
78,204,5,22,26
78,0,5,13,1
78,0,5,26,2
78,0,5,13,3
78,0,5,13,5
78,0,5,26,6
78,0,5,13,7
78,0,5,11,8
78,0,5,11,9
78,0,5,26,10
78,0,5,26,14
78,0,5,11,15
78,0,5,22,16
78,0,5,22,17
78,0,5,22,18
78,0,5,22,19
78,0,5,21,20
78,0,5,21,23
78,0,5,26,27
78,0,5,13,29
78,0,5,22,30
104,204,5,0,3
104,204,5,0,6
104,204,5,0,12
104,204,5,0,24
104,204,5,3,6
104,204,5,6,12
104,204,5,12,24
104,0,5,0,1
104,0,5,0,2
104,0,5,0,4
104,0,5,0,5
104,0,5,0,7
104,0,5,0,8
104,0,5,0,9
104,0,5,0,10
104,0,5,0,14
104,0,5,0,15
104,0,5,0,16
104,0,5,0,18
104,0,5,0,20
104,0,5,0,27
104,0,5,0,28
104,0,5,0,30
104,0,5,0,31
2,170,5,0,1
2,170,5,0,2
2,170,5,0,4
2,170,5,0,8
2,170,5,0,16
2,170,5,1,2
2,170,5,1,4
2,170,5,2,4
2,170,5,2,8
2,170,5,4,8
2,170,5,4,16
2,170,5,8,16
2,0,5,2,3
2,0,5,4,5
2,0,5,4,6
2,0,5,4,7
2,0,5,1,9
2,0,5,8,10
2,0,5,8,12
2,0,5,8,14
2,0,5,1,17
2,0,5,2,18
2,0,5,2,19
2,0,5,16,20
2,0,5,16,24
2,0,5,1,25
2,0,5,16,28
13,204,5,5,9
13,204,5,9,10
13,204,5,10,18
13,204,5,18,20
13,0,5,9,1
13,0,5,18,2
13,0,5,5,4
13,0,5,5,7
13,0,5,10,8
13,0,5,10,11
13,0,5,9,12
13,0,5,9,13
13,0,5,10,14
13,0,5,10,15
13,0,5,20,16
13,0,5,5,17
13,0,5,18,19
13,0,5,5,21
13,0,5,20,22
13,0,5,5,23
13,0,5,18,24
13,0,5,9,25
13,0,5,18,26
13,0,5,18,27
13,0,5,20,28
13,0,5,9,29
13,0,5,20,30
24,240,5,0,1
24,240,5,0,2
24,240,5,0,4
24,240,5,0,8
24,240,5,0,16
24,240,5,1,2
24,240,5,1,4
24,240,5,2,4
24,240,5,2,8
24,240,5,4,8
24,240,5,4,16
24,240,5,8,16
24,0,5,1,3
24,0,5,1,5
24,0,5,2,6
24,0,5,8,7
24,0,5,8,9
24,0,5,2,10
24,0,5,4,12
24,0,5,16,13
24,0,5,16,14
24,0,5,16,15
24,0,5,16,17
24,0,5,16,18
24,0,5,4,20
24,0,5,8,23
24,0,5,8,24
44,204,5,0,1
44,204,5,0,2
44,204,5,0,4
44,204,5,0,8
44,204,5,0,16
44,204,5,1,2
44,204,5,1,4
44,204,5,2,4
44,204,5,2,8
44,204,5,4,8
44,204,5,4,16
44,204,5,8,16
44,0,5,2,3
44,0,5,4,5
44,0,5,4,6
44,0,5,4,7
44,0,5,1,9
44,0,5,8,10
44,0,5,8,12
44,0,5,8,14
44,0,5,1,17
44,0,5,2,18
44,0,5,2,19
44,0,5,16,20
44,0,5,16,24
44,0,5,1,25
44,0,5,16,28
44,0,5,2,29
36,204,5,0,1
36,204,5,0,2
36,204,5,0,4
36,204,5,0,8
36,204,5,0,16
36,204,5,1,2
36,204,5,1,4
36,204,5,2,4
36,204,5,2,8
36,204,5,4,8
36,204,5,4,16
36,204,5,8,16
36,0,5,0,3
36,0,5,0,5
36,0,5,0,6
36,0,5,0,7
36,0,5,0,10
36,0,5,0,11
36,0,5,0,12
36,0,5,0,13
36,0,5,0,14
36,0,5,0,20
36,0,5,0,21
36,0,5,0,22
36,0,5,0,24
36,0,5,0,26
36,0,5,4,27
36,0,5,0,28
36,0,5,0,31
130,170,5,0,1
130,170,5,0,2
130,170,5,0,4
130,170,5,0,8
130,170,5,0,16
130,170,5,1,2
130,170,5,1,4
130,170,5,2,4
130,170,5,2,8
130,170,5,4,8
130,170,5,4,16
130,170,5,8,16
130,0,5,2,3
130,0,5,4,5
130,0,5,4,6
130,0,5,4,7
130,0,5,1,9
130,0,5,8,10
130,0,5,8,12
130,0,5,8,14
130,0,5,1,17
130,0,5,2,18
130,0,5,2,19
130,0,5,16,20
130,0,5,1,23
130,0,5,16,24
130,0,5,1,25
130,0,5,16,27
130,0,5,16,28
40,170,5,11,13
40,170,5,13,21
40,170,5,21,22
40,170,5,22,26
40,0,5,0,1
40,0,5,0,2
40,0,5,0,3
40,0,5,0,4
40,0,5,0,5
40,0,5,0,6
40,0,5,0,7
40,0,5,0,8
40,0,5,0,9
40,0,5,0,10
40,0,5,0,12
40,0,5,0,14
40,0,5,0,15
40,0,5,0,16
40,0,5,0,17
40,0,5,0,18
40,0,5,0,19
40,0,5,0,20
40,0,5,0,23
40,0,5,0,24
40,0,5,0,25
40,0,5,0,27
40,0,5,0,28
40,0,5,0,29
40,0,5,0,30
40,0,5,0,31
8,0,5,0,1
8,0,5,0,2
8,0,5,0,3
8,0,5,0,4
8,0,5,0,5
8,0,5,0,6
8,0,5,0,7
8,0,5,0,8
8,0,5,0,9
8,0,5,0,10
8,0,5,0,11
8,0,5,0,12
8,0,5,0,13
8,0,5,0,14
8,0,5,0,15
8,0,5,0,16
8,0,5,0,17
8,0,5,0,18
8,0,5,0,19
8,0,5,0,20
8,0,5,0,21
8,0,5,0,22
8,0,5,0,23
8,0,5,0,24
8,0,5,0,25
8,0,5,0,26
8,0,5,0,27
8,0,5,0,28
8,0,5,0,29
8,0,5,0,30
8,0,5,0,31
32,0,5,0,1
32,0,5,0,2
32,0,5,0,3
32,0,5,0,4
32,0,5,0,5
32,0,5,0,6
32,0,5,0,7
32,0,5,0,8
32,0,5,0,9
32,0,5,0,10
32,0,5,0,11
32,0,5,0,12
32,0,5,0,13
32,0,5,0,14
32,0,5,0,15
32,0,5,0,16
32,0,5,0,17
32,0,5,0,18
32,0,5,0,19
32,0,5,0,20
32,0,5,0,21
32,0,5,0,22
32,0,5,0,23
32,0,5,0,24
32,0,5,0,25
32,0,5,0,26
32,0,5,0,27
32,0,5,0,28
32,0,5,0,29
32,0,5,0,30
32,0,5,0,31
128,128,5,0,31
128,0,5,0,1
128,0,5,0,2
128,0,5,0,3
128,0,5,0,4
128,0,5,0,5
128,0,5,0,6
128,0,5,0,7
128,0,5,0,8
128,0,5,0,9
128,0,5,0,10
128,0,5,0,11
128,0,5,0,12
128,0,5,0,13
128,0,5,0,14
128,0,5,0,15
128,0,5,0,16
128,0,5,0,17
128,0,5,0,18
128,0,5,0,19
128,0,5,0,20
128,0,5,0,21
128,0,5,0,22
128,0,5,0,23
128,0,5,0,24
128,0,5,0,25
128,0,5,0,26
128,0,5,0,27
128,0,5,0,28
128,0,5,0,29
128,0,5,0,30
136,136,5,0,31
136,0,5,0,1
136,0,5,0,2
136,0,5,0,3
136,0,5,0,4
136,0,5,0,5
136,0,5,0,6
136,0,5,0,7
136,0,5,0,8
136,0,5,0,9
136,0,5,0,10
136,0,5,0,11
136,0,5,0,12
136,0,5,0,13
136,0,5,0,14
136,0,5,0,15
136,0,5,0,16
136,0,5,0,17
136,0,5,0,18
136,0,5,0,19
136,0,5,0,20
136,0,5,0,21
136,0,5,0,22
136,0,5,0,23
136,0,5,0,24
136,0,5,0,25
136,0,5,0,26
136,0,5,0,27
136,0,5,0,28
136,0,5,0,29
136,0,5,0,30
160,128,5,0,31
160,0,5,0,1
160,0,5,0,2
160,0,5,0,3
160,0,5,0,4
160,0,5,0,5
160,0,5,0,6
160,0,5,0,7
160,0,5,0,8
160,0,5,0,9
160,0,5,0,10
160,0,5,0,11
160,0,5,0,12
160,0,5,0,13
160,0,5,0,14
160,0,5,0,15
160,0,5,0,16
160,0,5,0,17
160,0,5,0,18
160,0,5,0,19
160,0,5,0,20
160,0,5,0,21
160,0,5,0,22
160,0,5,0,23
160,0,5,0,24
160,0,5,0,25
160,0,5,0,26
160,0,5,0,27
160,0,5,0,28
160,0,5,0,29
160,0,5,0,30
43,170,5,5,9
43,170,5,5,11
43,170,5,5,13
43,170,5,5,21
43,170,5,9,10
43,170,5,9,11
43,170,5,9,13
43,170,5,9,18
43,170,5,9,21
43,170,5,9,22
43,170,5,10,11
43,170,5,10,13
43,170,5,10,18
43,170,5,10,21
43,170,5,10,22
43,170,5,10,26
43,170,5,11,13
43,170,5,13,18
43,170,5,13,21
43,170,5,13,22
43,170,5,18,20
43,170,5,18,21
43,170,5,18,22
43,170,5,18,26
43,170,5,20,21
43,170,5,20,22
43,170,5,20,26
43,170,5,21,22
43,170,5,22,26
43,15,5,0,31
43,15,5,3,28
43,15,5,7,24
46,170,5,0,3
46,170,5,0,6
46,170,5,0,12
46,170,5,0,24
46,170,5,3,6
46,170,5,3,12
46,170,5,6,12
46,170,5,6,24
46,170,5,12,24
46,0,5,17,1
46,0,5,3,2
46,0,5,6,4
46,0,5,6,5
46,0,5,6,7
46,0,5,12,8
46,0,5,17,9
46,0,5,12,10
46,0,5,12,11
46,0,5,17,13
46,0,5,12,14
46,0,5,12,15
46,0,5,24,16
46,0,5,3,18
46,0,5,3,19
46,0,5,24,20
46,0,5,24,22
46,0,5,17,25
46,0,5,3,26
46,0,5,3,27
46,0,5,24,28
46,0,5,17,29
46,0,5,24,30
72,204,5,0,3
72,204,5,0,6
72,204,5,0,12
72,204,5,0,24
72,204,5,3,6
72,204,5,3,12
72,204,5,6,12
72,204,5,6,24
72,204,5,12,24
72,0,5,0,1
72,0,5,0,2
72,0,5,0,4
72,0,5,0,5
72,0,5,0,7
72,0,5,0,8
72,0,5,0,9
72,0,5,0,10
72,0,5,3,11
72,0,5,12,13
72,0,5,0,14
72,0,5,0,15
72,0,5,0,16
72,0,5,0,18
72,0,5,0,20
72,0,5,17,21
72,0,5,6,22
72,0,5,0,23
72,0,5,24,26
72,0,5,0,28
72,0,5,0,29
72,0,5,0,30
72,0,5,0,31
108,204,5,0,1
108,204,5,0,2
108,204,5,0,3
108,204,5,0,4
108,204,5,0,6
108,204,5,0,8
108,204,5,0,12
108,204,5,0,16
108,204,5,0,17
108,204,5,0,24
108,204,5,1,2
108,204,5,1,3
108,204,5,1,4
108,204,5,1,6
108,204,5,1,16
108,204,5,1,17
108,204,5,2,3
108,204,5,2,4
108,204,5,2,6
108,204,5,2,8
108,204,5,2,12
108,204,5,3,4
108,204,5,3,6
108,204,5,4,6
108,204,5,4,8
108,204,5,4,12
108,204,5,4,16
108,204,5,4,17
108,204,5,4,24
108,204,5,6,8
108,204,5,6,12
108,204,5,8,12
108,204,5,8,16
108,204,5,8,24
108,204,5,12,16
108,204,5,12,24
108,204,5,16,17
108,204,5,16,24
108,51,5,5,7
108,51,5,9,25
108,51,5,10,14
108,51,5,18,19
108,51,5,20,28
172,204,5,0,1
172,204,5,0,2
172,204,5,0,4
172,204,5,0,8
172,204,5,0,16
172,204,5,1,2
172,204,5,1,4
172,204,5,2,4
172,204,5,2,8
172,204,5,4,8
172,204,5,4,16
172,204,5,8,16
172,170,5,15,23
172,170,5,15,27
172,170,5,15,31
172,170,5,23,27
172,170,5,23,29
172,170,5,23,31
172,170,5,27,29
172,170,5,27,30
172,170,5,27,31
172,170,5,29,30
172,170,5,29,31
172,170,5,30,31
172,0,5,2,3
172,0,5,4,5
172,0,5,4,6
172,0,5,4,7
172,0,5,1,9
172,0,5,8,10
172,0,5,15,11
172,0,5,8,12
172,0,5,29,13
172,0,5,8,14
172,0,5,1,17
172,0,5,2,18
172,0,5,2,19
172,0,5,16,20
172,0,5,23,21
172,0,5,30,22
172,0,5,16,24
172,0,5,1,25
172,0,5,27,26
172,0,5,16,28
106,170,5,0,1
106,170,5,0,2
106,170,5,0,4
106,170,5,0,5
106,170,5,0,8
106,170,5,0,9
106,170,5,0,10
106,170,5,0,16
106,170,5,0,18
106,170,5,0,20
106,170,5,1,2
106,170,5,1,4
106,170,5,1,5
106,170,5,1,8
106,170,5,1,9
106,170,5,1,10
106,170,5,2,4
106,170,5,2,5
106,170,5,2,8
106,170,5,2,9
106,170,5,2,10
106,170,5,2,16
106,170,5,2,18
106,170,5,2,20
106,170,5,4,5
106,170,5,4,8
106,170,5,4,9
106,170,5,4,10
106,170,5,4,16
106,170,5,4,18
106,170,5,4,20
106,170,5,5,8
106,170,5,5,9
106,170,5,5,10
106,170,5,8,9
106,170,5,8,10
106,170,5,8,16
106,170,5,8,18
106,170,5,8,20
106,170,5,9,10
106,170,5,10,16
106,170,5,10,18
106,170,5,10,20
106,170,5,16,18
106,170,5,16,20
106,170,5,18,20
77,204,5,5,9
77,204,5,5,11
77,204,5,5,13
77,204,5,5,21
77,204,5,9,10
77,204,5,9,11
77,204,5,9,13
77,204,5,9,18
77,204,5,9,21
77,204,5,9,22
77,204,5,10,11
77,204,5,10,13
77,204,5,10,18
77,204,5,10,21
77,204,5,10,22
77,204,5,10,26
77,204,5,11,13
77,204,5,13,18
77,204,5,13,21
77,204,5,13,22
77,204,5,18,20
77,204,5,18,21
77,204,5,18,22
77,204,5,18,26
77,204,5,20,21
77,204,5,20,22
77,204,5,20,26
77,204,5,21,22
77,204,5,22,26
77,0,5,13,1
77,0,5,26,2
77,0,5,11,3
77,0,5,22,6
77,0,5,5,7
77,0,5,11,8
77,0,5,13,12
77,0,5,10,14
77,0,5,9,15
77,0,5,22,16
77,0,5,21,17
77,0,5,18,19
77,0,5,20,23
77,0,5,26,24
77,0,5,9,25
77,0,5,20,28
77,0,5,5,29
77,0,5,18,30
142,170,5,0,3
142,170,5,0,6
142,170,5,0,7
142,170,5,0,12
142,170,5,0,14
142,170,5,0,24
142,170,5,0,28
142,170,5,0,31
142,170,5,3,6
142,170,5,3,7
142,170,5,3,19
142,170,5,3,24
142,170,5,3,28
142,170,5,3,31
142,170,5,6,7
142,170,5,6,12
142,170,5,6,14
142,170,5,7,19
142,170,5,7,24
142,170,5,7,28
142,170,5,7,31
142,170,5,12,14
142,170,5,12,24
142,170,5,12,28
142,170,5,17,19
142,170,5,17,25
142,170,5,17,31
142,170,5,19,25
142,170,5,19,31
142,170,5,24,25
142,170,5,24,28
142,170,5,24,31
142,170,5,25,28
142,170,5,25,31
142,170,5,28,31
142,15,5,9,22
142,15,5,10,21
142,15,5,13,18
142,0,5,17,1
142,0,5,3,2
142,0,5,6,4
142,0,5,12,8
142,0,5,7,15
142,0,5,24,16
142,0,5,19,23
142,0,5,25,27
142,0,5,28,29
142,0,5,14,30
10,170,5,0,1
10,170,5,0,2
10,170,5,0,3
10,170,5,0,4
10,170,5,0,6
10,170,5,0,8
10,170,5,0,12
10,170,5,0,16
10,170,5,0,17
10,170,5,0,24
10,170,5,1,2
10,170,5,1,3
10,170,5,1,4
10,170,5,1,6
10,170,5,1,16
10,170,5,1,17
10,170,5,2,3
10,170,5,2,4
10,170,5,2,6
10,170,5,2,8
10,170,5,2,12
10,170,5,3,4
10,170,5,3,6
10,170,5,4,6
10,170,5,4,8
10,170,5,4,12
10,170,5,4,16
10,170,5,4,17
10,170,5,4,24
10,170,5,6,8
10,170,5,6,12
10,170,5,8,12
10,170,5,8,16
10,170,5,8,24
10,170,5,12,16
10,170,5,12,24
10,170,5,16,17
10,170,5,16,24
10,0,5,4,5
10,0,5,6,7
10,0,5,1,9
10,0,5,8,10
10,0,5,1,11
10,0,5,12,14
10,0,5,2,18
10,0,5,3,19
10,0,5,16,20
10,0,5,16,21
10,0,5,2,22
10,0,5,2,23
10,0,5,17,25
10,0,5,24,28
232,204,5,0,3
232,204,5,0,6
232,204,5,0,7
232,204,5,0,12
232,204,5,0,14
232,204,5,0,24
232,204,5,0,28
232,204,5,0,31
232,204,5,3,6
232,204,5,3,7
232,204,5,3,19
232,204,5,3,24
232,204,5,3,28
232,204,5,3,31
232,204,5,6,7
232,204,5,6,12
232,204,5,6,14
232,204,5,7,19
232,204,5,7,24
232,204,5,7,28
232,204,5,7,31
232,204,5,12,14
232,204,5,12,24
232,204,5,12,28
232,204,5,17,19
232,204,5,17,25
232,204,5,17,31
232,204,5,19,25
232,204,5,19,31
232,204,5,24,25
232,204,5,24,28
232,204,5,24,31
232,204,5,25,28
232,204,5,25,31
232,204,5,28,31
232,0,5,0,1
232,0,5,0,2
232,0,5,0,4
232,0,5,0,5
232,0,5,0,8
232,0,5,0,9
232,0,5,0,10
232,0,5,31,11
232,0,5,31,13
232,0,5,31,15
232,0,5,0,16
232,0,5,0,18
232,0,5,0,20
232,0,5,31,21
232,0,5,31,22
232,0,5,31,23
232,0,5,31,26
232,0,5,31,27
232,0,5,31,29
232,0,5,31,30
56,240,5,0,1
56,240,5,0,2
56,240,5,0,4
56,240,5,0,5
56,240,5,0,8
56,240,5,0,9
56,240,5,0,10
56,240,5,0,16
56,240,5,0,18
56,240,5,0,20
56,240,5,1,2
56,240,5,1,4
56,240,5,1,5
56,240,5,1,8
56,240,5,1,9
56,240,5,1,10
56,240,5,2,4
56,240,5,2,5
56,240,5,2,8
56,240,5,2,9
56,240,5,2,10
56,240,5,2,16
56,240,5,2,18
56,240,5,2,20
56,240,5,4,5
56,240,5,4,8
56,240,5,4,9
56,240,5,4,10
56,240,5,4,16
56,240,5,4,18
56,240,5,4,20
56,240,5,5,8
56,240,5,5,9
56,240,5,5,10
56,240,5,8,9
56,240,5,8,10
56,240,5,8,16
56,240,5,8,18
56,240,5,8,20
56,240,5,9,10
56,240,5,10,16
56,240,5,10,18
56,240,5,10,20
56,184,5,10,21
56,170,5,11,13
56,170,5,13,21
56,240,5,16,18
56,240,5,16,20
56,240,5,18,20
56,170,5,21,22
56,170,5,22,26
56,0,5,5,3
56,0,5,10,6
56,0,5,9,7
56,0,5,20,12
56,0,5,18,14
56,0,5,18,17
56,0,5,20,19
132,204,5,0,1
132,204,5,0,2
132,204,5,0,4
132,204,5,0,5
132,204,5,0,8
132,204,5,0,9
132,204,5,0,10
132,204,5,0,16
132,204,5,0,18
132,204,5,0,20
132,204,5,1,2
132,204,5,1,4
132,204,5,1,5
132,204,5,1,8
132,204,5,1,9
132,204,5,1,10
132,204,5,2,4
132,204,5,2,5
132,204,5,2,8
132,204,5,2,9
132,204,5,2,10
132,204,5,2,16
132,204,5,2,18
132,204,5,2,20
132,204,5,4,5
132,204,5,4,8
132,204,5,4,9
132,204,5,4,10
132,204,5,4,16
132,204,5,4,18
132,204,5,4,20
132,204,5,5,8
132,204,5,5,9
132,204,5,5,10
132,204,5,8,9
132,204,5,8,10
132,204,5,8,16
132,204,5,8,18
132,204,5,8,20
132,204,5,9,10
132,204,5,10,16
132,204,5,10,18
132,204,5,10,20
132,204,5,16,18
132,204,5,16,20
132,204,5,18,20
132,0,5,0,3
132,0,5,0,6
132,0,5,2,7
132,0,5,8,11
132,0,5,0,12
132,0,5,1,13
132,0,5,4,14
132,0,5,0,15
132,0,5,16,22
132,0,5,0,24
132,0,5,2,26
132,0,5,0,27
132,0,5,8,28
132,0,5,0,30
4,204,5,0,1
4,204,5,0,2
4,204,5,0,4
4,204,5,0,5
4,204,5,0,8
4,204,5,0,9
4,204,5,0,10
4,204,5,0,16
4,204,5,0,18
4,204,5,0,20
4,204,5,1,2
4,204,5,1,4
4,204,5,1,5
4,204,5,1,8
4,204,5,1,9
4,204,5,1,10
4,204,5,2,4
4,204,5,2,5
4,204,5,2,8
4,204,5,2,9
4,204,5,2,10
4,204,5,2,16
4,204,5,2,18
4,204,5,2,20
4,204,5,4,5
4,204,5,4,8
4,204,5,4,9
4,204,5,4,10
4,204,5,4,16
4,204,5,4,18
4,204,5,4,20
4,204,5,5,8
4,204,5,5,9
4,204,5,5,10
4,204,5,8,9
4,204,5,8,10
4,204,5,8,16
4,204,5,8,18
4,204,5,8,20
4,204,5,9,10
4,204,5,10,16
4,204,5,10,18
4,204,5,10,20
4,204,5,16,18
4,204,5,16,20
4,204,5,18,20
4,0,5,0,3
4,0,5,0,6
4,0,5,0,7
4,0,5,8,11
4,0,5,0,12
4,0,5,1,13
4,0,5,0,14
4,0,5,0,15
4,0,5,16,22
4,0,5,0,24
4,0,5,2,26
4,0,5,0,27
4,0,5,0,28
4,0,5,0,30
4,0,5,0,31
12,204,5,0,1
12,204,5,0,2
12,204,5,0,4
12,204,5,0,5
12,204,5,0,8
12,204,5,0,9
12,204,5,0,10
12,204,5,0,16
12,204,5,0,18
12,204,5,0,20
12,204,5,1,2
12,204,5,1,4
12,204,5,1,5
12,204,5,1,8
12,204,5,1,9
12,204,5,1,10
12,204,5,2,4
12,204,5,2,5
12,204,5,2,8
12,204,5,2,9
12,204,5,2,10
12,204,5,2,16
12,204,5,2,18
12,204,5,2,20
12,204,5,4,5
12,204,5,4,8
12,204,5,4,9
12,204,5,4,10
12,204,5,4,16
12,204,5,4,18
12,204,5,4,20
12,204,5,5,8
12,204,5,5,9
12,204,5,5,10
12,204,5,8,9
12,204,5,8,10
12,204,5,8,16
12,204,5,8,18
12,204,5,8,20
12,204,5,9,10
12,204,5,10,16
12,204,5,10,18
12,204,5,10,20
12,204,5,16,18
12,204,5,16,20
12,204,5,18,20
12,0,5,2,3
12,0,5,4,6
12,0,5,4,7
12,0,5,10,11
12,0,5,8,12
12,0,5,9,13
12,0,5,8,14
12,0,5,8,15
12,0,5,1,17
12,0,5,5,21
12,0,5,20,22
12,0,5,16,24
12,0,5,1,25
12,0,5,18,26
12,0,5,16,28
12,0,5,1,29
12,0,5,16,30
34,170,5,0,1
34,170,5,0,2
34,170,5,0,4
34,170,5,0,5
34,170,5,0,8
34,170,5,0,9
34,170,5,0,10
34,170,5,0,16
34,170,5,0,18
34,170,5,0,20
34,170,5,1,2
34,170,5,1,4
34,170,5,1,5
34,170,5,1,8
34,170,5,1,9
34,170,5,1,10
34,170,5,2,4
34,170,5,2,5
34,170,5,2,8
34,170,5,2,9
34,170,5,2,10
34,170,5,2,16
34,170,5,2,18
34,170,5,2,20
34,170,5,4,5
34,170,5,4,8
34,170,5,4,9
34,170,5,4,10
34,170,5,4,16
34,170,5,4,18
34,170,5,4,20
34,170,5,5,8
34,170,5,5,9
34,170,5,5,10
34,170,5,8,9
34,170,5,8,10
34,170,5,8,16
34,170,5,8,18
34,170,5,8,20
34,170,5,9,10
34,170,5,10,16
34,170,5,10,18
34,170,5,10,20
34,170,5,16,18
34,170,5,16,20
34,170,5,18,20
34,0,5,2,3
34,0,5,4,6
34,0,5,4,7
34,0,5,10,11
34,0,5,8,12
34,0,5,9,13
34,0,5,8,14
34,0,5,8,15
34,0,5,1,17
34,0,5,5,21
34,0,5,20,22
34,0,5,16,24
34,0,5,1,25
34,0,5,18,26
34,0,5,16,28
34,0,5,1,29
34,0,5,16,30
140,204,5,0,1
140,204,5,0,2
140,204,5,0,4
140,204,5,0,5
140,204,5,0,8
140,204,5,0,9
140,204,5,0,10
140,204,5,0,16
140,204,5,0,18
140,204,5,0,20
140,204,5,1,2
140,204,5,1,4
140,204,5,1,5
140,204,5,1,8
140,204,5,1,9
140,204,5,1,10
140,204,5,2,4
140,204,5,2,5
140,204,5,2,8
140,204,5,2,9
140,204,5,2,10
140,204,5,2,16
140,204,5,2,18
140,204,5,2,20
140,204,5,4,5
140,204,5,4,8
140,204,5,4,9
140,204,5,4,10
140,204,5,4,16
140,204,5,4,18
140,204,5,4,20
140,204,5,5,8
140,204,5,5,9
140,204,5,5,10
140,204,5,8,9
140,204,5,8,10
140,204,5,8,16
140,204,5,8,18
140,204,5,8,20
140,204,5,9,10
140,204,5,10,16
140,204,5,10,18
140,204,5,10,20
140,204,5,16,18
140,204,5,16,20
140,204,5,18,20
140,0,5,2,3
140,0,5,4,6
140,0,5,4,7
140,0,5,10,11
140,0,5,8,12
140,0,5,9,13
140,0,5,8,14
140,0,5,8,15
140,0,5,1,17
140,0,5,5,21
140,0,5,20,22
140,0,5,16,24
140,0,5,1,25
140,0,5,18,26
140,0,5,16,28
140,0,5,1,29
140,0,5,16,30
162,170,5,0,1
162,170,5,0,2
162,170,5,0,4
162,170,5,0,5
162,170,5,0,8
162,170,5,0,9
162,170,5,0,10
162,170,5,0,16
162,170,5,0,18
162,170,5,0,20
162,170,5,1,2
162,170,5,1,4
162,170,5,1,5
162,170,5,1,8
162,170,5,1,9
162,170,5,1,10
162,170,5,2,4
162,170,5,2,5
162,170,5,2,8
162,170,5,2,9
162,170,5,2,10
162,170,5,2,16
162,170,5,2,18
162,170,5,2,20
162,170,5,4,5
162,170,5,4,8
162,170,5,4,9
162,170,5,4,10
162,170,5,4,16
162,170,5,4,18
162,170,5,4,20
162,170,5,5,8
162,170,5,5,9
162,170,5,5,10
162,170,5,8,9
162,170,5,8,10
162,170,5,8,16
162,170,5,8,18
162,170,5,8,20
162,170,5,9,10
162,170,5,10,16
162,170,5,10,18
162,170,5,10,20
162,170,5,16,18
162,170,5,16,20
162,170,5,18,20
162,0,5,2,3
162,0,5,4,6
162,0,5,5,7
162,0,5,10,11
162,0,5,8,12
162,0,5,9,13
162,0,5,10,14
162,0,5,10,15
162,0,5,1,17
162,0,5,18,19
162,0,5,5,21
162,0,5,20,22
162,0,5,5,23
162,0,5,16,24
162,0,5,9,25
162,0,5,18,26
162,0,5,18,27
162,0,5,20,28
162,0,5,9,29
162,0,5,20,30
168,136,5,0,31
168,170,5,11,13
168,170,5,11,15
168,170,5,11,21
168,170,5,11,23
168,170,5,11,27
168,170,5,11,29
168,170,5,11,31
168,170,5,13,15
168,170,5,13,21
168,170,5,13,23
168,170,5,13,27
168,170,5,13,29
168,170,5,13,31
168,170,5,15,21
168,170,5,15,23
168,170,5,15,27
168,170,5,15,29
168,170,5,15,31
168,170,5,21,22
168,170,5,21,23
168,170,5,21,26
168,170,5,21,27
168,170,5,21,29
168,170,5,21,30
168,170,5,21,31
168,170,5,22,23
168,170,5,22,26
168,170,5,22,27
168,170,5,22,29
168,170,5,22,30
168,170,5,22,31
168,170,5,23,26
168,170,5,23,27
168,170,5,23,29
168,170,5,23,30
168,170,5,23,31
168,170,5,26,27
168,170,5,26,29
168,170,5,26,30
168,170,5,26,31
168,170,5,27,29
168,170,5,27,30
168,170,5,27,31
168,170,5,29,30
168,170,5,29,31
168,170,5,30,31
168,0,5,0,1
168,0,5,0,2
168,0,5,0,3
168,0,5,0,4
168,0,5,0,5
168,0,5,0,6
168,0,5,0,7
168,0,5,0,8
168,0,5,0,9
168,0,5,0,10
168,0,5,0,12
168,0,5,0,14
168,0,5,0,16
168,0,5,0,17
168,0,5,0,18
168,0,5,0,19
168,0,5,0,20
168,0,5,0,24
168,0,5,0,25
168,0,5,0,28
184,240,5,0,1
184,240,5,0,2
184,240,5,0,4
184,240,5,0,5
184,240,5,0,8
184,240,5,0,9
184,240,5,0,10
184,240,5,0,16
184,240,5,0,18
184,240,5,0,20
184,240,5,1,2
184,240,5,1,4
184,240,5,1,5
184,240,5,1,8
184,240,5,1,9
184,240,5,1,10
184,240,5,2,4
184,240,5,2,5
184,240,5,2,8
184,240,5,2,9
184,240,5,2,10
184,240,5,2,16
184,240,5,2,18
184,240,5,2,20
184,240,5,4,5
184,240,5,4,8
184,240,5,4,9
184,240,5,4,10
184,240,5,4,16
184,240,5,4,18
184,240,5,4,20
184,240,5,5,8
184,240,5,5,9
184,240,5,5,10
184,240,5,8,9
184,240,5,8,10
184,240,5,8,16
184,240,5,8,18
184,240,5,8,20
184,240,5,9,10
184,240,5,10,16
184,240,5,10,18
184,240,5,10,20
184,184,5,10,21
184,170,5,11,13
184,170,5,11,15
184,170,5,11,21
184,170,5,11,23
184,170,5,11,27
184,170,5,11,29
184,170,5,11,31
184,170,5,13,15
184,170,5,13,21
184,170,5,13,23
184,170,5,13,27
184,170,5,13,29
184,170,5,13,31
184,170,5,15,21
184,170,5,15,23
184,170,5,15,27
184,170,5,15,29
184,170,5,15,31
184,240,5,16,18
184,240,5,16,20
184,240,5,18,20
184,170,5,21,22
184,170,5,21,23
184,170,5,21,26
184,170,5,21,27
184,170,5,21,29
184,170,5,21,30
184,170,5,21,31
184,170,5,22,23
184,170,5,22,26
184,170,5,22,27
184,170,5,22,29
184,170,5,22,30
184,170,5,22,31
184,170,5,23,26
184,170,5,23,27
184,170,5,23,29
184,170,5,23,30
184,170,5,23,31
184,170,5,26,27
184,170,5,26,29
184,170,5,26,30
184,170,5,26,31
184,170,5,27,29
184,170,5,27,30
184,170,5,27,31
184,170,5,29,30
184,170,5,29,31
184,170,5,30,31
184,0,5,5,3
184,0,5,10,6
184,0,5,11,7
184,0,5,20,12
184,0,5,22,14
184,0,5,18,17
184,0,5,21,19
184,0,5,26,25
138,170,5,0,1
138,170,5,0,2
138,170,5,0,3
138,170,5,0,4
138,170,5,0,6
138,170,5,0,7
138,170,5,0,8
138,170,5,0,12
138,170,5,0,14
138,170,5,0,16
138,170,5,0,17
138,170,5,0,19
138,170,5,0,24
138,170,5,0,25
138,170,5,0,28
138,170,5,0,31
138,170,5,1,2
138,170,5,1,3
138,170,5,1,4
138,170,5,1,6
138,170,5,1,7
138,170,5,1,16
138,170,5,1,17
138,170,5,1,19
138,170,5,1,24
138,170,5,1,25
138,170,5,1,28
138,170,5,1,31
138,170,5,2,3
138,170,5,2,4
138,170,5,2,6
138,170,5,2,7
138,170,5,2,8
138,170,5,2,12
138,170,5,2,14
138,170,5,3,4
138,170,5,3,6
138,170,5,3,7
138,170,5,3,16
138,170,5,3,17
138,170,5,3,19
138,170,5,3,24
138,170,5,3,25
138,170,5,3,28
138,170,5,3,31
138,170,5,4,6
138,170,5,4,7
138,170,5,4,8
138,170,5,4,12
138,170,5,4,14
138,170,5,4,16
138,170,5,4,17
138,170,5,4,19
138,170,5,4,24
138,170,5,4,25
138,170,5,4,28
138,170,5,4,31
138,170,5,6,7
138,170,5,6,8
138,170,5,6,12
138,170,5,6,14
138,170,5,7,16
138,170,5,7,17
138,170,5,7,19
138,170,5,7,24
138,170,5,7,25
138,170,5,7,28
138,170,5,7,31
138,170,5,8,12
138,170,5,8,14
138,170,5,8,16
138,170,5,8,24
138,170,5,8,28
138,170,5,12,14
138,170,5,12,16
138,170,5,12,24
138,170,5,12,28
138,170,5,16,17
138,170,5,16,19
138,170,5,16,24
138,170,5,16,25
138,170,5,16,28
138,170,5,16,31
138,170,5,17,19
138,170,5,17,24
138,170,5,17,25
138,170,5,17,28
138,170,5,17,31
138,170,5,19,24
138,170,5,19,25
138,170,5,19,28
138,170,5,19,31
138,170,5,24,25
138,170,5,24,28
138,170,5,24,31
138,170,5,25,28
138,170,5,25,31
138,170,5,28,31
138,0,5,4,5
138,0,5,1,9
138,0,5,8,10
138,0,5,1,11
138,0,5,7,15
138,0,5,2,18
138,0,5,16,20
138,0,5,16,21
138,0,5,2,22
138,0,5,19,23
138,0,5,25,27
138,0,5,28,29
138,0,5,14,30
200,204,5,0,3
200,204,5,0,6
200,204,5,0,7
200,204,5,0,12
200,204,5,0,14
200,204,5,0,15
200,204,5,0,24
200,204,5,0,27
200,204,5,0,28
200,204,5,0,30
200,204,5,0,31
200,204,5,3,6
200,204,5,3,7
200,204,5,3,12
200,204,5,3,14
200,204,5,3,15
200,204,5,3,19
200,204,5,3,23
200,204,5,3,24
200,204,5,3,27
200,204,5,3,28
200,204,5,3,30
200,204,5,3,31
200,204,5,6,7
200,204,5,6,12
200,204,5,6,14
200,204,5,6,15
200,204,5,6,24
200,204,5,6,27
200,204,5,6,28
200,204,5,6,30
200,204,5,6,31
200,204,5,7,12
200,204,5,7,14
200,204,5,7,15
200,204,5,7,19
200,204,5,7,23
200,204,5,7,24
200,204,5,7,27
200,204,5,7,28
200,204,5,7,30
200,204,5,7,31
200,204,5,12,14
200,204,5,12,15
200,204,5,12,24
200,204,5,12,27
200,204,5,12,28
200,204,5,12,30
200,204,5,12,31
200,204,5,14,15
200,204,5,14,24
200,204,5,14,27
200,204,5,14,28
200,204,5,14,30
200,204,5,14,31
200,204,5,15,19
200,204,5,15,23
200,204,5,15,24
200,204,5,15,27
200,204,5,15,28
200,204,5,15,30
200,204,5,15,31
200,204,5,17,19
200,204,5,17,23
200,204,5,17,25
200,204,5,17,27
200,204,5,17,29
200,204,5,17,31
200,204,5,19,23
200,204,5,19,25
200,204,5,19,27
200,204,5,19,29
200,204,5,19,31
200,204,5,23,25
200,204,5,23,27
200,204,5,23,29
200,204,5,23,31
200,204,5,24,25
200,204,5,24,27
200,204,5,24,28
200,204,5,24,29
200,204,5,24,30
200,204,5,24,31
200,204,5,25,27
200,204,5,25,28
200,204,5,25,29
200,204,5,25,30
200,204,5,25,31
200,204,5,27,28
200,204,5,27,29
200,204,5,27,30
200,204,5,27,31
200,204,5,28,29
200,204,5,28,30
200,204,5,28,31
200,204,5,29,30
200,204,5,29,31
200,204,5,30,31
200,0,5,0,1
200,0,5,0,2
200,0,5,0,4
200,0,5,0,5
200,0,5,0,8
200,0,5,0,9
200,0,5,0,10
200,0,5,3,11
200,0,5,12,13
200,0,5,0,16
200,0,5,0,18
200,0,5,0,20
200,0,5,17,21
200,0,5,6,22
200,0,5,24,26
42,170,5,0,1
42,170,5,0,2
42,170,5,0,3
42,170,5,0,4
42,170,5,0,5
42,170,5,0,6
42,170,5,0,8
42,170,5,0,9
42,170,5,0,10
42,170,5,0,11
42,170,5,0,12
42,170,5,0,13
42,170,5,0,16
42,170,5,0,17
42,170,5,0,18
42,170,5,0,20
42,170,5,0,21
42,170,5,0,22
42,170,5,0,24
42,170,5,0,26
42,170,5,1,2
42,170,5,1,3
42,170,5,1,4
42,170,5,1,5
42,170,5,1,6
42,170,5,1,8
42,170,5,1,9
42,170,5,1,10
42,170,5,1,11
42,170,5,1,12
42,170,5,1,13
42,170,5,1,16
42,170,5,1,17
42,170,5,1,18
42,170,5,1,20
42,170,5,1,21
42,170,5,1,22
42,170,5,2,3
42,170,5,2,4
42,170,5,2,5
42,170,5,2,6
42,170,5,2,8
42,170,5,2,9
42,170,5,2,10
42,170,5,2,11
42,170,5,2,12
42,170,5,2,13
42,170,5,2,16
42,170,5,2,17
42,170,5,2,18
42,170,5,2,20
42,170,5,2,21
42,170,5,2,22
42,170,5,2,24
42,170,5,2,26
42,170,5,3,4
42,170,5,3,5
42,170,5,3,6
42,170,5,3,8
42,170,5,3,9
42,170,5,3,10
42,170,5,3,11
42,170,5,3,12
42,170,5,3,13
42,170,5,4,5
42,170,5,4,6
42,170,5,4,8
42,170,5,4,9
42,170,5,4,10
42,170,5,4,11
42,170,5,4,12
42,170,5,4,13
42,170,5,4,16
42,170,5,4,17
42,170,5,4,18
42,170,5,4,20
42,170,5,4,21
42,170,5,4,22
42,170,5,4,24
42,170,5,4,26
42,170,5,5,6
42,170,5,5,8
42,170,5,5,9
42,170,5,5,10
42,170,5,5,11
42,170,5,5,12
42,170,5,5,13
42,170,5,5,16
42,170,5,5,17
42,170,5,5,18
42,170,5,5,20
42,170,5,5,21
42,170,5,5,22
42,170,5,6,8
42,170,5,6,9
42,170,5,6,10
42,170,5,6,11
42,170,5,6,12
42,170,5,6,13
42,170,5,6,16
42,170,5,6,17
42,170,5,6,18
42,170,5,6,20
42,170,5,6,21
42,170,5,6,22
42,170,5,6,24
42,170,5,6,26
42,170,5,8,9
42,170,5,8,10
42,170,5,8,11
42,170,5,8,12
42,170,5,8,13
42,170,5,8,16
42,170,5,8,17
42,170,5,8,18
42,170,5,8,20
42,170,5,8,21
42,170,5,8,22
42,170,5,8,24
42,170,5,8,26
42,170,5,9,10
42,170,5,9,11
42,170,5,9,12
42,170,5,9,13
42,170,5,9,16
42,170,5,9,17
42,170,5,9,18
42,170,5,9,20
42,170,5,9,21
42,170,5,9,22
42,170,5,10,11
42,170,5,10,12
42,170,5,10,13
42,170,5,10,16
42,170,5,10,17
42,170,5,10,18
42,170,5,10,20
42,170,5,10,21
42,170,5,10,22
42,170,5,10,24
42,170,5,10,26
42,170,5,11,12
42,170,5,11,13
42,170,5,12,13
42,170,5,12,16
42,170,5,12,17
42,170,5,12,18
42,170,5,12,20
42,170,5,12,21
42,170,5,12,22
42,170,5,12,24
42,170,5,12,26
42,170,5,13,16
42,170,5,13,17
42,170,5,13,18
42,170,5,13,20
42,170,5,13,21
42,170,5,13,22
42,170,5,16,17
42,170,5,16,18
42,170,5,16,20
42,170,5,16,21
42,170,5,16,22
42,170,5,16,24
42,170,5,16,26
42,170,5,17,18
42,170,5,17,20
42,170,5,17,21
42,170,5,17,22
42,170,5,18,20
42,170,5,18,21
42,170,5,18,22
42,170,5,18,24
42,170,5,18,26
42,170,5,20,21
42,170,5,20,22
42,170,5,20,24
42,170,5,20,26
42,170,5,21,22
42,170,5,22,24
42,170,5,22,26
42,170,5,24,26
42,0,5,6,7
42,0,5,12,14
42,0,5,12,15
42,0,5,3,19
42,0,5,17,25
42,0,5,3,27
42,0,5,24,28
42,0,5,17,29
42,0,5,24,30
76,204,5,0,1
76,204,5,0,2
76,204,5,0,3
76,204,5,0,4
76,204,5,0,5
76,204,5,0,6
76,204,5,0,8
76,204,5,0,9
76,204,5,0,10
76,204,5,0,11
76,204,5,0,12
76,204,5,0,13
76,204,5,0,16
76,204,5,0,17
76,204,5,0,18
76,204,5,0,20
76,204,5,0,21
76,204,5,0,22
76,204,5,0,24
76,204,5,0,26
76,204,5,1,2
76,204,5,1,3
76,204,5,1,4
76,204,5,1,5
76,204,5,1,6
76,204,5,1,8
76,204,5,1,9
76,204,5,1,10
76,204,5,1,11
76,204,5,1,12
76,204,5,1,13
76,204,5,1,16
76,204,5,1,17
76,204,5,1,18
76,204,5,1,20
76,204,5,1,21
76,204,5,1,22
76,204,5,2,3
76,204,5,2,4
76,204,5,2,5
76,204,5,2,6
76,204,5,2,8
76,204,5,2,9
76,204,5,2,10
76,204,5,2,11
76,204,5,2,12
76,204,5,2,13
76,204,5,2,16
76,204,5,2,17
76,204,5,2,18
76,204,5,2,20
76,204,5,2,21
76,204,5,2,22
76,204,5,2,24
76,204,5,2,26
76,204,5,3,4
76,204,5,3,5
76,204,5,3,6
76,204,5,3,8
76,204,5,3,9
76,204,5,3,10
76,204,5,3,11
76,204,5,3,12
76,204,5,3,13
76,204,5,4,5
76,204,5,4,6
76,204,5,4,8
76,204,5,4,9
76,204,5,4,10
76,204,5,4,11
76,204,5,4,12
76,204,5,4,13
76,204,5,4,16
76,204,5,4,17
76,204,5,4,18
76,204,5,4,20
76,204,5,4,21
76,204,5,4,22
76,204,5,4,24
76,204,5,4,26
76,204,5,5,6
76,204,5,5,8
76,204,5,5,9
76,204,5,5,10
76,204,5,5,11
76,204,5,5,12
76,204,5,5,13
76,204,5,5,16
76,204,5,5,17
76,204,5,5,18
76,204,5,5,20
76,204,5,5,21
76,204,5,5,22
76,204,5,6,8
76,204,5,6,9
76,204,5,6,10
76,204,5,6,11
76,204,5,6,12
76,204,5,6,13
76,204,5,6,16
76,204,5,6,17
76,204,5,6,18
76,204,5,6,20
76,204,5,6,21
76,204,5,6,22
76,204,5,6,24
76,204,5,6,26
76,204,5,8,9
76,204,5,8,10
76,204,5,8,11
76,204,5,8,12
76,204,5,8,13
76,204,5,8,16
76,204,5,8,17
76,204,5,8,18
76,204,5,8,20
76,204,5,8,21
76,204,5,8,22
76,204,5,8,24
76,204,5,8,26
76,204,5,9,10
76,204,5,9,11
76,204,5,9,12
76,204,5,9,13
76,204,5,9,16
76,204,5,9,17
76,204,5,9,18
76,204,5,9,20
76,204,5,9,21
76,204,5,9,22
76,204,5,10,11
76,204,5,10,12
76,204,5,10,13
76,204,5,10,16
76,204,5,10,17
76,204,5,10,18
76,204,5,10,20
76,204,5,10,21
76,204,5,10,22
76,204,5,10,24
76,204,5,10,26
76,204,5,11,12
76,204,5,11,13
76,204,5,12,13
76,204,5,12,16
76,204,5,12,17
76,204,5,12,18
76,204,5,12,20
76,204,5,12,21
76,204,5,12,22
76,204,5,12,24
76,204,5,12,26
76,204,5,13,16
76,204,5,13,17
76,204,5,13,18
76,204,5,13,20
76,204,5,13,21
76,204,5,13,22
76,204,5,16,17
76,204,5,16,18
76,204,5,16,20
76,204,5,16,21
76,204,5,16,22
76,204,5,16,24
76,204,5,16,26
76,204,5,17,18
76,204,5,17,20
76,204,5,17,21
76,204,5,17,22
76,204,5,18,20
76,204,5,18,21
76,204,5,18,22
76,204,5,18,24
76,204,5,18,26
76,204,5,20,21
76,204,5,20,22
76,204,5,20,24
76,204,5,20,26
76,204,5,21,22
76,204,5,22,24
76,204,5,22,26
76,204,5,24,26
76,0,5,5,7
76,0,5,10,14
76,0,5,9,15
76,0,5,18,19
76,0,5,20,23
76,0,5,9,25
76,0,5,20,28
76,0,5,5,29
76,0,5,18,30