1,0
2,8738
5,0
8,0
9,0
10,8738
11,0
12,3084
13,0
15,0
18,23130
20,0
21,0
24,12336
25,0
26,23130
27,0
28,3084
29,0
31,0
34,43690
37,41984
42,43690
44,35852
49,61680
50,65278
51,64752
53,61440
54,61954
56,61680
57,61680
58,65278
59,64752
61,64512
64,0
65,0
66,8738
67,0
68,3084
69,0
71,0
73,0
74,8738
75,0
76,3084
77,0
79,0
82,23130
83,0
85,0
87,0
88,12336
89,0
90,23130
91,0
92,3084
93,0
95,0
98,43690
99,47280
102,42502
103,46080
106,43690
112,61680
113,62192
114,65278
115,64752
118,61954
120,61680
121,62192
122,65278
123,64752
125,65280
126,65280
128,0
130,8738
132,3084
136,0
138,8738
140,3084
144,12336
146,23130
147,16176
151,3840
152,12336
154,23130
155,16176
159,3840
162,43690
163,48048
164,33796
165,42240
166,43530
167,47872
168,32896
170,43690
172,35852
176,61680
177,61936
178,65278
180,61440
181,61696
182,65038
183,65280
184,61680
185,61936
186,65278
188,64524
189,64768
191,65280
192,0
194,8738
196,3084
202,8738
203,65280
204,3084
207,65280
208,12336
210,23130
211,16176
215,3840
218,23130
220,3084
226,43690
227,48048
230,44558
231,48896
234,43690
235,65280
236,3084
239,65280
240,61680
241,62448
242,65278
246,65038
247,65280
249,62448
250,65278
253,65280
254,65280
259,0
263,0
264,3840
265,0
267,0
268,13260
269,0
271,0
279,0
281,0
283,0
285,0
287,0
288,34688
290,33162
291,32896
293,60652
294,37122
295,32768
296,34688
297,38036
298,41386
299,45232
303,45056
306,49614
308,49920
310,49410
314,49614
316,49932
317,49152
323,0
327,0
328,3840
329,0
332,13260
333,0
335,0
343,0
345,0
347,0
349,0
352,34688
353,33924
358,37126
359,32768
360,34688
361,38036
363,62656
367,45056
368,62448
369,57568
370,53726
374,53506
378,53726
380,65280
381,65280
382,65280
384,3840
388,13260
392,3840
396,13260
403,12336
407,0
411,12336
415,0
416,34688
418,33162
424,34688
426,41386
433,53456
434,57838
435,61680
438,57614
442,57838
443,61680
448,3840
452,13260
456,3840
460,13260
467,12336
471,0
475,12336
479,0
480,34688
488,34688
496,62448
497,61680
498,61950
499,61680
502,61710
506,61950
507,61680
508,65280
509,65280
510,65280
512,0
513,0
514,8738
515,0
516,3084
517,0
518,8738
520,0
521,0
522,8738
523,0
524,3084
525,0
526,8738
527,0
530,23130
531,0
533,0
535,0
536,12336
537,0
539,0
541,0
542,8738
543,0
546,43690
547,47280
548,33796
549,42000
552,32896
556,35852
558,8738
560,61680
561,61692
562,65278
563,64752
566,61954
568,61680
569,61692
571,64752
574,8738
576,0
577,0
578,8738
579,0
580,3084
581,0
583,0
584,0
585,0
586,8738
587,0
588,3084
589,0
591,0
594,23130
595,0
597,0
599,0
600,12336
601,0
602,23130
603,0
605,0
607,0
608,32896
610,43690
611,47280
614,42534
615,46128
616,32896
618,43690
630,61954
632,61680
633,62204
634,65278
635,64752
640,0
642,8738
644,3084
646,8738
648,0
650,8738
652,3084
656,12336
658,23130
659,16176
663,3840
664,12336
666,23130
667,16176
671,3840
672,32896
674,43690
675,48048
676,33796
677,42256
678,43562
679,47920
680,32896
682,43690
684,35852
688,61680
689,61948
690,65278
694,65038
695,65280
696,61680
697,61948
698,65278
703,65280
704,0
706,8738
708,3084
712,0
714,8738
716,3084
720,12336
722,23130
723,16176
727,3840
728,12336
730,23130
731,16176
735,3840
736,32896
738,43690
739,48048
742,44590
743,48944
744,32896
746,43690
758,65038
759,65280
760,61680
761,62460
762,65278
771,0
775,0
776,3840
777,0
780,13260
781,0
791,0
793,0
797,0
811,61680
815,61680
817,52428
818,50126
820,49920
821,49152
822,49922
826,50126
828,49932
829,49152
835,0
839,0
840,3840
841,0
843,0
844,13260
845,0
847,0
855,0
857,0
859,0
861,0
863,0
886,54018
890,54238
896,3840
900,13260
904,3840
908,13260
915,12336
919,0
923,12336
927,0
944,53184
945,56540
946,58350
947,61680
950,58126
954,58350
955,61680
960,3840
964,13260
968,3840
972,13260
979,12336
983,0
987,12336
991,0
1014,62222
1018,62462
1019,61680
1034,49698
1036,52428
1048,32880
1049,34912
1053,35976
1055,32896
1056,0
1058,2602
1061,1028
1062,514
1064,0
1066,2602
1068,3084
1075,64752
1076,0
1077,0
1078,514
1084,3084
1085,3072
1098,49698
1100,52428
1116,3084
1122,2666
1123,2160
1124,1028
1125,1540
1126,1542
1127,1024
1128,1028
1130,2666
1132,3084
1142,514
1143,0
1148,3084
1154,49698
1155,49968
1156,52428
1157,52684
1158,49858
1159,50112
1160,49152
1162,49698
1164,52428
1168,32816
1169,35104
1172,34952
1173,35208
1174,34438
1175,34688
1176,32880
1177,35168
1180,35980
1181,36232
1183,34688
1186,2730
1187,2992
1190,2570
1191,2816
1194,2730
1200,240
1201,496
1206,3598
1207,3840
1218,49698
1219,49968
1220,52428
1221,53196
1222,52942
1223,53184
1226,49698
1227,65280
1231,65280
1240,3084
1243,65280
1244,3084
1247,65280
1250,2794
1251,3056
1254,3598
1255,3840
1256,3084
1258,2794
1259,65280
1260,3084
1263,65280
1264,240
1265,1008
1270,3598
1271,3840
1272,3084
1275,65280
1276,3084
1288,65280
1289,60444
1290,53538
1291,49200
1292,65532
1293,60652
1306,33098
1307,32832
1308,35724
1314,4362
1315,0
1318,4370
1319,0
1322,4394
1323,48
1327,0
1335,0
1338,270
1339,0
1340,780
1341,0
1352,65280
1353,60444
1355,62656
1356,65532
1357,60652
1370,33114
1371,32832
1372,35724
1382,4374
1383,0
1387,62656
1391,0
1399,0
1402,286
1403,0
1404,780
1405,0
1408,65280
1410,53506
1412,65532
1416,65280
1418,53538
1420,65532
1424,960
1440,14208
1442,4490
1450,4522
1456,960
1457,208
1458,494
1459,240
1463,0
1466,494
1467,240
1472,65280
1476,65532
1480,65280
1484,65532
1504,14272
1520,1008
1521,240
1522,510
1523,240
1527,0
1530,510
1531,240
1544,49152
1546,8738
1548,52428
1550,8738
1560,32880
1561,34916
1562,8738
1566,8738
1567,32896
1568,0
1570,10794
1571,14384
1572,1028
1573,5140
1574,8738
1580,3084
1582,8738
1590,514
1591,0
1594,8738
1598,8738
1608,49152
1612,52428
1634,10858
1635,14448
1636,1028
1637,5652
1638,9766
1639,13360
1642,10858
1644,3084
1654,514
1655,0
1664,49152
1668,52428
1669,56796
1670,58082
1671,62448
1672,49152
1676,52428
1680,32816
1681,35108
1686,34438
1688,32880
1689,35172
1698,10922
1699,15280
1702,10794
1703,15152
1706,10922
1712,240
1713,508
1718,3598
1719,3840
1728,49152
1736,49152
1740,52428
1751,65054
1762,10986
1763,15344
1766,11822
1767,16176
1770,10986
1776,240
1777,1020
1782,3598
1783,3840
1800,65280
1801,60444
1803,61680
1804,65532
1805,60652
1819,61680
1820,35724
1830,4882
1831,0
1835,61680
1847,0
1850,782
1852,780
1853,0
1864,65280
1865,60444
1868,65532
1869,60652
1884,35724
1894,4886
1895,0
1903,0
1911,0
1914,798
1915,0
1916,780
1917,0
1920,65280
1924,65532
1928,65280
1932,65532
1943,65278
1952,16256
1968,4032
1969,3292
1970,1006
1971,240
1975,0
1978,1006
1979,240
1984,65280
1989,60652
1990,60652
1991,60652
1992,65280
1996,65532
2007,65278
2016,16320
2032,4080
2033,3324
2034,1022
2035,240
2039,0
2042,1022
2043,240
2048,0
2050,8738
2051,64752
2055,64752
2056,0
2058,8738
2060,3084
2066,23130
2067,64752
2068,0
2071,64752
2072,12336
2074,23130
2076,3084
2082,43690
2085,41992
2090,43690
2092,35852
2098,65278
2099,64752
2103,64752
2104,61680
2106,65278
2112,0
2114,8738
2116,3084
2122,8738
2124,3084
2128,12336
2130,23130
2136,12336
2138,23130
2140,3084
2146,43690
2147,47280
2150,42502
2151,46080
2154,43690
2160,61680
2162,65278
2168,61680
2170,65278
2172,3084
2176,0
2178,8738
2180,3084
2184,0
2186,8738
2188,3084
2192,12336
2194,23130
2200,12336
2202,23130
2210,43690
2211,48048
2212,33796
2213,42248
2214,43530
2215,47872
2216,32896
2218,43690
2220,35852
2224,61680
2226,65278
2228,61440
2232,61680
2234,65278
2236,64524
2240,0
2242,8738
2244,3084
2250,8738
2251,65280
2252,3084
2255,65280
2256,12336
2258,23130
2266,23130
2267,65280
2268,3084
2274,43690
2275,48048
2278,44558
2279,48896
2282,43690
2283,65280
2284,3084
2287,65280
2288,61680
2290,65278
2298,65278
2299,65280
2300,3084
2304,3840
2305,60652
2308,13260
2311,12336
2312,3840
2316,13260
2317,29812
2319,12336
2321,60652
2327,0
2333,17476
2336,34688
2338,33162
2339,32896
2341,60652
2342,37154
2343,32816
2344,34688
2345,38036
2346,41386
2347,45232
2351,45104
2352,768
2353,60652
2357,60652
2368,3840
2372,13260
2373,29812
2375,12336
2376,3840
2380,13260
2381,29812
2383,12336
2389,17476
2391,0
2397,17476
2400,34688
2401,33924
2406,37158
2408,34688
2409,38036
2423,65010
2432,3840
2436,13260
2440,3840
2444,13260
2464,34688
2466,33162
2472,34688
2474,41386
2480,960
2496,3840
2500,13260
2504,3840
2508,13260
2528,34688
2536,34688
2560,0
2562,8738
2564,3084
2566,8738
2567,61680
2568,0
2570,8738
2572,3084
2574,8738
2576,12336
2578,23130
2584,12336
2590,8738
2594,43690
2595,47280
2596,33796
2597,42008
2600,32896
2604,35852
2606,8738
2608,61680
2610,65278
2616,61680
2622,8738
2624,0
2626,8738
2628,3084
2632,0
2634,8738
2636,3084
2640,12336
2642,23130
2648,12336
2650,23130
2656,32896
2658,43690
2659,47280
2662,42534
2663,46128
2664,32896
2666,43690
2672,61680
2674,65278
2680,61680
2682,65278
2688,0
2690,8738
2692,3084
2694,8738
2696,0
2698,8738
2700,3084
2704,12336
2706,23130
2712,12336
2714,23130
2720,32896
2722,43690
2723,48048
2724,33796
2725,42264
2726,43562
2727,47920
2728,32896
2730,43690
2732,35852
2736,61680
2738,65278
2744,61680
2746,65278
2752,0
2754,8738
2756,3084
2760,0
2762,8738
2764,3084
2768,12336
2770,23130
2776,12336
2778,23130
2784,32896
2786,43690
2787,48048
2790,44590
2791,48944
2792,32896
2794,43690
2800,61680
2802,65278
2808,61680
2810,65278
2816,3840
2820,13260
2821,29812
2823,12336
2824,3840
2827,61680
2828,13260
2829,29812
2832,3840
2833,52428
2837,17476
2839,0
2843,61680
2845,17476
2858,41634
2859,61680
2863,61680
2864,3840
2865,52428
2875,61680
2880,3840
2884,13260
2885,29812
2887,12336
2888,3840
2892,13260
2893,29812
2895,12336
2901,17476
2903,0
2909,17476
2919,61938
2935,65010
2944,3840
2948,13260
2952,3840
2956,13260
2986,41634
3008,3840
3012,13260
3016,3840
3020,13260
3074,49698
3077,52428
3082,49698
3084,52428
3091,64752
3095,64752
3096,49264
3101,52428
3104,0
3107,64752
3109,1036
3110,514
3112,0
3116,3084
3123,64752
3124,0
3127,64752
3132,3084
3138,49698
3139,49200
3140,52428
3141,52940
3146,49698
3148,52428
3149,52428
3150,52428
3151,52428
3164,3084
3172,1028
3173,1548
3174,1542
3175,1024
3176,1028
3180,3084
3184,48
3196,3084
3202,49698
3203,49968
3204,52428
3205,52684
3206,49858
3207,50112
3208,49152
3210,49698
3212,52428
3216,49200
3220,51400
3224,49264
3228,52428
3229,52428
3238,2570
3239,2816
3248,240
3266,49698
3267,49968
3268,52428
3269,53196
3274,49698
3275,65280
3277,52428
3278,52428
3288,3084
3291,65280
3292,3084
3302,3598
3303,3840
3304,3084
3307,65280
3308,3084
3312,240
3320,3084
3323,65280
3324,3084
3328,65280
3330,61698
3331,61440
3332,65532
3334,61938
3335,61680
3336,65280
3337,64540
3338,61730
3339,61488
3340,65532
3343,61680
3348,53192
3350,49602
3356,53196
3357,52428
3360,14080
3365,60652
3366,12594
3367,12336
3376,768
3380,3840
3383,0
3388,3852
3389,3084
3392,65280
3393,64524
3398,61950
3399,61680
3400,65280
3401,64540
3406,52428
3408,52016
3409,51240
3412,53192
3413,52428
3414,49610
3420,53196
3421,52428
3424,14144
3425,13380
3430,12598
3431,12336
3440,816
3441,32
3444,3840
3445,3084
3447,0
3452,3852
3453,3084
3456,65280
3458,61698
3460,65532
3464,65280
3466,61730
3468,65532
3472,960
3488,14208
3504,960
3505,208
3511,0
3520,65280
3525,60652
3528,65280
3533,52428
3534,52428
3552,14272
3568,1008
3569,240
3575,0
3588,52428
3589,56540
3591,61680
3592,49152
3594,8738
3597,61680
3599,61680
3600,49200
3608,49264
3610,8738
3614,8738
3616,0
3620,1028
3621,5148
3622,8738
3626,8738
3628,3084
3630,8738
3632,48
3642,8738
3646,8738
3649,65532
3650,65532
3651,65532
3652,52428
3653,57052
3654,61166
3655,64752
3656,49152
3660,52428
3684,1028
3685,5660
3686,9766
3687,13360
3692,3084
3696,48
3712,49152
3716,52428
3717,56796
3718,58082
3719,62448
3720,49152
3725,61680
3726,61680
3727,61680
3728,49200
3736,49264
3750,10794
3751,15152
3760,240
3777,65532
3778,65532
3779,65532
3780,52428
3781,57308
3782,61166
3783,65520
3784,49152
3788,52428
3814,11822
3815,16176
3824,240
3840,65280
3841,64524
3844,65532
3846,62450
3847,61680
3848,65280
3849,64540
3851,61680
3854,61680
3860,53192
3861,52428
3862,50114
3867,61680
3868,53196
3869,52428
3872,16128
3873,15372
3878,13106
3879,12336
3883,61680
3888,3840
3892,3840
3893,3084
3895,0
3899,61680
3900,3852
3901,3084
3906,65532
3907,65532
3908,65532
3910,62462
3911,61680
3912,65280
3913,64540
3916,65532
3920,53040
3921,52268
3924,53192
3925,52428
3926,50122
3932,53196
3933,52428
3936,16192
3937,15436
3942,13110
3943,12336
3952,3888
3953,3116
3956,3840
3957,3084
3959,0
3964,3852
3965,3084
3968,65280
3972,65532
3976,65280
3981,61680
3982,61680
4000,16256
4016,4032
4017,3292
4023,0
4033,65532
4034,65532
4035,65532
4036,65532
4040,65280
4044,65532
4064,16320
4081,3324
4087,0
4104,0
4105,0
4106,8738
4107,0
4108,3084
4109,0
4122,23130
4123,0
4125,0
4136,32896
4138,43690
4140,35916
4152,61680
4154,65278
4155,64752
4156,64572
4157,64544
4168,0
4169,0
4170,8738
4171,0
4172,3084
4173,0
4186,23130
4187,0
4189,0
4200,32896
4202,43690
4216,61680
4218,65278
4219,64752
4224,0
4226,8738
4228,3084
4232,0
4234,8738
4236,3084
4240,12336
4242,23130
4243,16176
4247,3840
4248,12336
4250,23130
4251,16176
4258,43690
4259,48052
4260,33860
4261,42304
4264,32896
4266,43690
4268,35916
4272,61680
4274,65278
4276,61488
4277,61728
4278,65054
4279,65280
4280,61680
4282,65278
4284,64572
4285,64800
4290,8738
4292,3084
4296,0
4298,8738
4300,3084
4304,12336
4306,23130
4307,16176
4311,3840
4312,12336
4314,23130
4315,16176
4322,43690
4323,48052
4328,32896
4330,43690
4336,61680
4338,65278
4342,65054
4343,65280
4344,61680
4346,65278
4363,0
4392,34688
4394,42410
4395,46260
4427,0
4456,34688
4480,3840
4484,13260
4488,3840
4492,13260
4512,34688
4514,34186
4520,34688
4522,42410
4544,3840
4548,13260
4552,3840
4556,13260
4576,34688
4584,34688
4616,0
4617,0
4618,8738
4619,0
4620,3084
4621,0
4634,23130
4635,0
4637,0
4648,32896
4650,43690
4652,35916
4664,61680
4666,65278
4667,64752
4680,0
4681,0
4682,8738
4683,0
4684,3084
4685,0
4698,23130
4699,0
4701,0
4712,32896
4714,43690
4728,61680
4730,65278
4731,64752
4736,0
4738,8738
4740,3084
4744,0
4746,8738
4748,3084
4752,12336
4754,23130
4755,16176
4759,3840
4760,12336
4762,23130
4763,16176
4768,32896
4770,43690
4771,48052
4772,33860
4773,42320
4776,32896
4778,43690
4780,35916
4784,61680
4786,65278
4790,65054
4791,65280
4792,61680
4794,65278
4800,0
4802,8738
4804,3084
4808,0
4810,8738
4812,3084
4816,12336
4818,23130
4819,16176
4823,3840
4824,12336
4826,23130
4827,16176
4832,32896
4834,43690
4835,48052
4840,32896
4842,43690
4848,61680
4850,65278
4854,65054
4856,61680
4858,65278
4875,0
4939,0
4992,3840
4996,13260
5000,3840
5004,13260
5008,1984
5040,1984
5056,3840
5060,13260
5067,61632
5068,13260
5080,13260
5084,13260
5096,13260
5099,61632
5100,13260
5112,13260
5116,13260
5180,15420
5181,11296
5250,49698
5251,49980
5252,52428
5253,52684
5256,49152
5258,49698
5260,52428
5264,45104
5268,47288
5269,43432
5270,38550
5271,34688
5272,45168
5276,48316
5277,44456
5280,0
5296,12528
5302,7710
5314,49698
5315,49980
5316,52428
5317,53196
5320,49152
5322,49698
5324,52428
5332,43690
5333,43690
5334,43690
5335,43690
5344,48
5360,12528
5366,7710
5418,5418
5419,1076
5504,65280
5506,56578
5508,65532
5512,65280
5514,56610
5516,65532
5536,14208
5538,5514
5546,5546
5568,65280
5572,65532
5576,65280
5580,65532
5588,43690
5590,43690
5600,14272
5760,49152
5764,52428
5765,56796
5768,49152
5772,52428
5776,45104
5782,38550
5784,45168
5808,12528
5814,7710
5824,49152
5828,52428
5829,57308
5832,49152
5836,52428
5872,12528
5878,7710
6016,65280
6020,65532
6024,65280
6028,65532
6048,16256
6080,65280
6084,65532
6091,61632
6104,13260
6108,13260
6112,16320
6120,13260
6123,61632
6124,13260
6136,13260
6140,13260
6144,0
6146,8738
6148,3084
6152,0
6154,8738
6156,3084
6160,12336
6162,23130
6164,12336
6168,12336
6170,23130
6178,43690
6179,47284
6180,33860
6181,42056
6184,32896
6186,43690
6188,35916
6192,61680
6194,65278
6200,61680
6202,65278
6204,64572
6210,8738
6212,3084
6216,0
6218,8738
6220,3084
6224,12336
6226,23130
6228,12336
6232,12336
6234,23130
6242,43690
6243,47284
6248,32896
6250,43690
6256,61680
6258,65278
6260,12336
6264,61680
6266,65278
6272,0
6274,8738
6276,3084
6280,0
6281,32628
6282,8738
6283,16176
6284,3084
6285,32628
6288,12336
6290,23130
6296,12336
6297,32628
6298,23130
6299,16176
6301,32628
6306,43690
6307,48052
6308,33860
6309,42312
6312,32896
6314,43690
6315,61954
6316,35916
6320,61680
6322,65278
6324,61488
6328,61680
6330,65278
6331,61954
6332,64572
6338,8738
6340,3084
6344,0
6345,20292
6346,8738
6347,3840
6348,3084
6349,20292
6352,12336
6354,23130
6360,12336
6361,20292
6362,23130
6363,3840
6365,20292
6370,43690
6371,48052
6376,32896
6378,43690
6379,65026
6384,61680
6386,65278
6392,61680
6394,65278
6395,65026
6400,3840
6404,13260
6405,29812
6407,12336
6408,3840
6412,13260
6413,29812
6432,34688
6434,34186
6435,33924
6438,37218
6439,32880
6440,34688
6442,42410
6443,46260
6464,3840
6468,13260
6469,29812
6471,12336
6472,3840
6476,13260
6477,29812
6496,34688
6502,37222
6504,34688
6528,3840
6532,13260
6536,3840
6537,29812
6539,13360
6540,13260
6541,29812
6560,34688
6562,34186
6568,34688
6570,42410
6571,62162
6592,3840
6596,13260
6600,3840
6601,17476
6603,1024
6604,13260
6605,17476
6624,34688
6632,34688
6635,65234
6656,0
6658,8738
6660,3084
6664,0
6666,8738
6668,3084
6672,12336
6674,23130
6680,12336
6682,23130
6688,32896
6690,43690
6691,47284
6692,33860
6693,42072
6696,32896
6698,43690
6700,35916
6704,61680
6706,65278
6712,61680
6714,65278
6720,0
6722,8738
6724,3084
6728,0
6730,8738
6732,3084
6736,12336
6738,23130
6744,12336
6746,23130
6752,32896
6754,43690
6755,47284
6760,32896
6762,43690
6768,61680
6770,65278
6776,61680
6778,65278
6784,0
6786,8738
6788,3084
6792,0
6793,31604
6794,8738
6795,15152
6796,3084
6797,31604
6800,12336
6802,23130
6808,12336
6809,31604
6810,23130
6811,15152
6813,31604
6816,32896
6818,43690
6819,48052
6820,33860
6821,42328
6824,32896
6826,43690
6827,61986
6828,35916
6832,61680
6834,65278
6840,61680
6842,65278
6843,61986
6848,0
6850,8738
6852,3084
6856,0
6857,19268
6858,8738
6859,2816
6860,3084
6861,19268
6864,12336
6866,23130
6872,12336
6873,19268
6874,23130
6875,2816
6877,19268
6880,32896
6882,43690
6883,48052
6888,32896
6890,43690
6891,65058
6896,61680
6898,65278
6904,61680
6906,65278
6907,65058
6912,3840
6915,52428
6917,29812
6920,3840
6924,13260
6925,29812
6928,3840
6932,3840
6944,3840
6947,52428
6948,3840
6951,52428
6960,3840
6964,3840
6976,3840
6980,13260
6981,29812
6983,12336
6984,3840
6988,13260
6989,29812
7040,3840
7044,13260
7048,3840
7049,28788
7052,13260
7053,28788
7056,1984
7088,1984
7104,3840
7108,13260
7113,16452
7116,13260
7117,16452
7128,13260
7132,13260
7144,13260
7148,13260
7160,13260
7164,13260
7170,49698
7171,49212
7172,52428
7173,52428
7176,49152
7178,49698
7180,52428
7184,61488
7192,61552
7197,51400
7198,51400
7200,0
7216,12336
7220,12336
7228,15420
7234,49698
7235,49212
7236,52428
7237,52940
7240,49152
7242,49698
7244,52428
7252,12336
7264,48
7280,12336
7284,12336
7298,49698
7299,49980
7300,52428
7301,52684
7304,49152
7306,49698
7308,52428
7309,49152
7312,61488
7316,63736
7320,61552
7326,51400
7328,0
7344,12528
7362,49698
7363,49980
7364,52428
7365,53196
7366,51436
7367,51436
7368,49152
7370,49698
7372,52428
7374,52428
7389,52236
7392,48
7408,12528
7424,65280
7426,64770
7427,64524
7428,65532
7430,61938
7431,61680
7432,65280
7434,64802
7435,64572
7436,65532
7452,51400
7454,51400
7456,14080
7462,12594
7488,65280
7492,65532
7494,61950
7495,61680
7496,65280
7500,65532
7520,14144
7526,12598
7552,65280
7554,64770
7556,65532
7560,65280
7562,64802
7564,65532
7565,49344
7580,51400
7582,51400
7584,14208
7616,65280
7621,59628
7624,65280
7629,52428
7630,52428
7648,14272
7680,49152
7684,52428
7685,56540
7688,49152
7692,52428
7696,61488
7704,61552
7728,12336
7744,49152
7748,52428
7749,57052
7752,49152
7756,52428
7792,12336
7808,49152
7812,52428
7813,56796
7814,62672
7815,62672
7816,49152
7820,52428
7821,49200
7824,61488
7832,61552
7837,49200
7856,12528
7872,49152
7876,52428
7877,57308
7880,49152
7884,52428
7885,52284
7901,52284
7920,12528
7939,52428
7942,62450
7944,65280
7948,65532
7952,3840
7956,3840
7971,52428
7972,3840
7974,13106
7984,3840
7988,3840
8000,65280
8004,65532
8006,62462
8008,65280
8012,65532
8032,16192
8038,13110
8064,65280
8069,64720
8072,65280
8075,61680
8076,65532
8077,49392
8096,16256
8107,61680
8128,65280
8132,65532
8139,61632
8141,52476
8152,13260
8156,13260
8160,16320
8168,13260
8171,61632
8172,13260
8184,13260
8188,13260
8320,0
8322,8738
8324,3084
8328,0
8330,8738
8332,3084
8336,12336
8338,23130
8344,12336
8346,23130
8354,43690
8355,48056
8356,33924
8358,43658
8360,32896
8362,43690
8364,35980
8368,61680
8369,61936
8370,65278
8372,61632
8374,65262
8376,61680
8377,61936
8378,65278
8380,64716
8384,0
8386,8738
8388,3084
8394,8738
8395,65280
8396,3084
8400,12336
8402,23130
8410,23130
8411,65280
8412,3084
8418,43690
8419,48056
8422,44686
8426,43690
8427,65280
8428,3084
8432,61680
8433,62448
8438,65262
8441,62448
8444,3084
8576,3840
8580,13260
8584,3840
8588,13260
8608,34688
8610,35210
8616,34688
8618,43434
8626,60910
8630,57806
8634,60910
8640,3840
8644,13260
8648,3840
8652,13260
8672,34688
8680,34688
8690,65022
8694,61902
8696,64720
8698,65022
8832,0
8834,8738
8836,3084
8838,8738
8840,0
8842,8738
8844,3084
8848,12336
8850,23130
8856,12336
8858,23130
8864,32896
8866,43690
8867,48056
8868,33924
8870,43690
8872,32896
8874,43690
8876,35980
8880,61680
8881,61948
8882,65278
8886,65262
8888,61680
8889,61948
8896,0
8898,8738
8900,3084
8904,0
8906,8738
8908,3084
8912,12336
8914,23130
8920,12336
8922,23130
8928,32896
8929,32896
8934,44718
8936,32896
8938,43690
8944,61680
8945,62460
8946,65278
8950,65262
8952,61680
8953,62460
8954,65278
9088,3840
9092,13260
9096,3840
9100,13260
9136,53184
9138,61422
9142,58318
9144,59628
9146,61422
9152,3840
9156,13260
9160,3840
9164,13260
9184,32896
9185,32896
9186,32896
9187,32896
9200,65520
9202,65534
9206,62414
9210,65534
9346,49698
9347,49968
9348,52428
9352,49152
9354,49698
9356,52428
9360,32816
9361,39200
9364,34952
9368,32880
9369,39264
9372,35980
9378,2730
9379,3000
9382,2570
9386,2730
9392,240
9393,4592
9398,11822
9410,49698
9411,49968
9412,52428
9418,49698
9419,65280
9432,3084
9435,65280
9436,3084
9442,2794
9443,3064
9446,3598
9448,3084
9450,2794
9451,65280
9452,3084
9456,240
9457,5104
9462,11822
9464,3084
9468,3084
9600,65280
9602,53506
9604,65532
9608,65280
9610,53538
9612,65532
9616,960
9648,960
9650,3566
9658,3566
9664,65280
9668,65532
9672,65280
9676,65532
9712,1008
9714,3582
9722,3582
9856,49152
9860,52428
9864,49152
9868,52428
9872,32816
9873,39204
9880,32880
9881,39268
9890,10922
9891,15288
9894,10794
9898,10922
9904,240
9905,4604
9910,11822
9920,49152
9924,52428
9928,49152
9932,52428
9954,10986
9955,15352
9958,11822
9962,10986
9968,240
9969,5116
9974,11822
10112,65280
10116,65532
10120,65280
10124,65532
10160,4032
10162,4078
10170,4078
10176,65280
10180,65532
10184,65280
10188,65532
10224,4080
10226,4094
10234,4094
10240,0
10242,8738
10243,64752
10248,0
10250,8738
10252,3084
10258,23130
10259,64752
10260,0
10264,12336
10266,23130
10268,3084
10274,43690
10282,43690
10284,35980
10290,65278
10291,64752
10296,61680
10298,65278
10304,0
10306,8738
10308,3084
10314,8738
10316,3084
10322,23130
10328,12336
10330,23130
10332,3084
10338,43690
10339,47288
10342,42630
10346,43690
10352,61680
10354,65278
10360,61680
10362,65278
10364,3084
10368,0
10370,8738
10372,3084
10376,0
10378,8738
10380,3084
10384,12336
10386,23130
10392,12336
10394,23130
10402,43690
10403,48056
10404,33924
10406,43658
10408,32896
10410,43690
10412,35980
10416,61680
10418,65278
10420,61632
10424,61680
10426,65278
10428,64716
10432,0
10434,8738
10436,3084
10442,8738
10443,65280
10444,3084
10448,12336
10450,23130
10458,23130
10460,3084
10466,43690
10467,48056
10470,44686
10474,43690
10475,65280
10476,3084
10480,61680
10482,65278
10490,65278
10492,3084
10504,3840
10508,13260
10528,34688
10530,35210
10531,34952
10533,60652
10536,34688
10537,38036
10539,47288
10544,768
10568,3840
10571,62672
10572,13260
10592,34688
10593,33924
10600,34688
10601,38036
10603,62672
10624,3840
10628,13260
10632,3840
10636,13260
10656,34688
10658,35210
10664,34688
10668,35466
10669,35466
10672,960
10688,3840
10692,13260
10696,3840
10700,13260
10720,34688
10728,34688
10752,0
10754,8738
10756,3084
10758,8738
10760,0
10762,8738
10764,3084
10766,8738
10770,23130
10776,12336
10782,8738
10786,43690
10787,47288
10788,33924
10793,43690
10795,43690
10796,35980
10798,8738
10800,61680
10802,65278
10808,61680
10814,8738
10816,0
10818,8738
10820,3084
10824,0
10826,8738
10828,3084
10834,23130
10840,12336
10842,23130
10848,32896
10850,43690
10851,47288
10854,42662
10856,32896
10858,43690
10864,61680
10866,65278
10872,61680
10874,65278
10880,0
10882,8738
10884,3084
10886,8738
10888,0
10890,8738
10892,3084
10896,12336
10898,23130
10904,12336
10906,23130
10912,32896
10914,43690
10915,48056
10916,33924
10918,43690
10921,43690
10922,43690
10923,43690
10924,35980
10928,61680
10930,65278
10936,61680
10938,65278
10944,0
10946,8738
10948,3084
10952,0
10954,8738
10956,3084
10960,12336
10962,23130
10968,12336
10970,23130
10976,32896
10978,43690
10979,48056
10982,44718
10984,32896
10986,43690
10992,61680
10994,65278
11000,61680
11002,65278
11016,3840
11019,61680
11020,13260
11048,43690
11049,43690
11050,43690
11056,3840
11080,3840
11084,13260
11107,49858
11136,3840
11140,13260
11144,3840
11148,13260
11176,43690
11177,43690
11178,43690
11200,3840
11204,13260
11208,3840
11212,13260
11274,49698
11276,52428
11288,49264
11296,0
11299,64752
11302,514
11304,0
11308,3084
11315,64752
11316,0
11324,3084
11338,49698
11340,52428
11356,3084
11364,1028
11366,1542
11368,1028
11372,3084
11388,3084
11394,49698
11395,49968
11396,52428
11400,49152
11402,49698
11404,52428
11408,49200
11412,51400
11416,49264
11420,52428
11430,2570
11440,240
11458,49698
11459,49968
11460,52428
11466,49698
11467,65280
11480,3084
11484,3084
11494,3598
11496,3084
11500,3084
11504,240
11512,3084
11516,3084
11528,65280
11529,64540
11530,61730
11531,61488
11532,65532
11592,65280
11593,64540
11595,62672
11596,65532
11648,65280
11650,61698
11652,65532
11656,65280
11658,61730
11660,65532
11664,960
11696,960
11712,65280
11716,65532
11720,65280
11724,65532
11760,1008
11784,49152
11786,8738
11788,52428
11790,8738
11800,49264
11802,8738
11806,8738
11808,0
11812,1028
11814,8738
11818,8738
11820,3084
11822,8738
11834,8738
11838,8738
11848,49152
11852,52428
11876,1028
11878,9766
11884,3084
11904,49152
11908,52428
11912,49152
11916,52428
11920,49200
11928,49264
11942,10794
11952,240
11968,49152
11972,52428
11976,49152
11980,52428
12006,11822
12016,240
12040,65280
12041,64540
12043,61680
12044,65532
12104,65280
12105,64540
12108,65532
12160,65280
12164,65532
12168,65280
12172,65532
12208,4032
12224,65280
12228,65532
12232,65280
12236,65532
12272,4080
12416,0
12418,8738
12420,3084
12424,0
12426,8738
12428,3084
12432,12336
12434,23130
12440,12336
12442,23130
12450,43690
12451,48060
12452,33988
12456,32896
12458,43690
12460,36044
12464,61680
12466,65278
12468,61680
12469,61680
12470,65278
12472,61680
12474,65278
12477,64752
12478,64752
12482,8738
12484,3084
12488,0
12490,8738
12492,3084
12496,12336
12498,23130
12504,12336
12506,23130
12514,43690
12515,48060
12520,32896
12522,43690
12528,61680
12529,61680
12534,65278
12537,64752
12672,3840
12676,13260
12680,3840
12684,13260
12704,34688
12706,36234
12712,34688
12714,44458
12732,64752
12734,64752
12736,3840
12740,13260
12744,3840
12748,13260
12768,34688
12776,34688
12784,61680
12786,61680
12792,64752
12794,64752
12928,0
12930,8738
12932,3084
12936,0
12938,8738
12940,3084
12944,12336
12946,23130
12952,12336
12954,23130
12960,32896
12962,43690
12963,48060
12964,33988
12968,32896
12970,43690
12972,36044
12977,52428
12982,65278
12984,61680
12986,65278
12992,0
12994,8738
12996,3084
13000,0
13002,8738
13004,3084
13008,12336
13010,23130
13016,12336
13018,23130
13024,32896
13026,43690
13027,48060
13032,32896
13034,43690
13040,61680
13042,65278
13046,65278
13048,61680
13050,65278
13184,3840
13188,13260
13192,3840
13196,13260
13232,52428
13234,52428
13248,3840
13252,13260
13272,13260
13276,13260
13288,13260
13292,13260
13304,13260
13308,13260
13442,49698
13443,49980
13444,52428
13448,49152
13450,49698
13452,52428
13456,45104
13460,47288
13464,45168
13468,48316
13472,0
13488,12528
13494,15934
13506,49698
13507,49980
13508,52428
13512,49152
13514,49698
13516,52428
13536,48
13552,12528
13558,15934
13696,65280
13698,56578
13700,65532
13704,65280
13706,56610
13708,65532
13760,65280
13764,65532
13768,65280
13772,65532
13952,49152
13956,52428
13960,49152
13964,52428
13968,45104
13971,36174
13976,45168
14000,12528
14006,15934
14016,49152
14018,61696
14019,61696
14020,52428
14024,49152
14028,52428
14064,12528
14070,15934
14208,65280
14210,65292
14212,65532
14216,65280
14220,65532
14224,4032
14256,4032
14276,65532
14296,13260
14300,13260
14312,13260
14316,13260
14328,13260
14332,13260
14344,0
14346,8738
14348,3084
14362,23130
14376,32896
14378,43690
14380,36044
14393,65278
14394,65278
14396,64764
14408,0
14410,8738
14412,3084
14426,23130
14440,32896
14442,43690
14456,61680
14458,65278
14464,0
14466,8738
14468,3084
14472,0
14474,8738
14476,3084
14480,12336
14482,23130
14488,12336
14490,23130
14498,43690
14500,33988
14504,32896
14506,43690
14508,36044
14512,61680
14514,65278
14516,61680
14521,65278
14522,65278
14524,64764
14530,8738
14532,3084
14536,0
14538,8738
14540,3084
14544,12336
14546,23130
14552,12336
14554,23130
14562,43690
14568,32896
14570,43690
14576,61680
14578,65278
14584,61680
14586,65278
14632,34688
14634,44458
14648,65278
14650,65278
14696,34688
14720,3840
14724,13260
14728,3840
14732,13260
14752,34688
14754,36234
14760,34688
14762,44458
14776,65278
14778,65278
14784,3840
14788,13260
14792,3840
14796,13260
14816,34688
14824,34688
14856,0
14858,8738
14860,3084
14874,23130
14888,32896
14890,43690
14892,36044
14904,61680
14906,65278
14920,0
14922,8738
14924,3084
14938,23130
14952,32896
14954,43690
14968,61680
14970,65278
14976,0
14978,8738
14980,3084
14984,0
14986,8738
14988,3084
14992,12336
14994,23130
15000,12336
15002,23130
15008,32896
15010,43690
15012,33988
15016,32896
15018,43690
15020,36044
15024,61680
15026,65278
15032,61680
15034,65278
15040,0
15042,8738
15044,3084
15048,0
15050,8738
15052,3084
15056,12336
15058,23130
15064,12336
15066,23130
15072,32896
15074,43690
15080,32896
15082,43690
15088,61680
15090,65278
15096,61680
15098,65278
15232,3840
15236,13260
15240,3840
15244,13260
15296,3840
15300,13260
15308,13260
15320,13260
15324,13260
15336,13260
15340,13260
15352,13260
15356,13260
15490,49698
15491,49980
15492,52428
15496,49152
15498,49698
15501,49152
15502,49152
15504,61488
15506,65392
15508,63736
15512,61552
15516,64764
15520,0
15536,12528
15554,49698
15556,52428
15560,49152
15562,49698
15564,52428
15584,48
15600,12528
15744,65280
15748,65532
15752,65280
15754,64802
15758,49152
15808,65280
15812,65532
15816,65280
15820,65532
16001,65280
16002,65280
16003,65280
16004,52428
16008,49152
16012,52428
16016,61488
16024,61552
16048,12528
16064,49152
16068,52428
16072,49152
16076,52428
16112,12528
16256,65280
16258,65280
16260,65532
16264,65280
16268,65532
16272,4032
16304,4032
16320,65280
16324,65532
16344,13260
16348,13260
16360,13260
16364,13260
16376,13260
16380,13260
16512,0
16514,8738
16516,3084
16520,0
16522,8738
16524,3084
16530,23130
16536,12336
16538,23130
16544,32896
16546,43690
16548,33796
16549,42242
16552,32896
16554,43690
16556,35852
16560,61680
16561,61938
16562,65278
16564,61440
16565,61698
16568,61680
16569,61938
16570,65278
16572,64524
16573,64770
16576,0
16578,8738
16580,3084
16586,8738
16588,3084
16590,19982
16594,23130
16600,12336
16602,23130
16608,32896
16610,43690
16618,43690
16622,19982
16624,61680
16625,62450
16626,65278
16632,61680
16633,62450
16634,65278
16636,65280
16637,65280
16638,65280
16776,3840
16780,13260
16790,27030
16800,34688
16802,33162
16808,34688
16810,41386
16816,50112
16840,3840
16844,13260
16864,34688
16872,34688
16880,62448
16892,65280
16894,65280
17024,0
17026,8738
17028,3084
17032,0
17034,8738
17036,3084
17038,18986
17042,23130
17048,12336
17050,23130
17056,32896
17058,43690
17060,33796
17061,42258
17064,32896
17066,43690
17068,35852
17072,61680
17073,61950
17074,65278
17080,61680
17081,61950
17082,65278
17088,0
17090,8738
17092,3084
17098,8738
17100,3084
17102,19982
17106,23130
17112,12336
17114,23130
17120,32896
17122,43690
17128,32896
17130,43690
17141,47936
17144,61680
17145,62462
17146,65278
17288,3840
17292,13260
17328,53184
17352,3840
17356,13260
17394,61632
17544,49152
17546,49698
17548,52428
17560,32880
17561,35170
17564,35980
17565,36234
17570,19114
17574,19018
17578,19114
17608,49152
17610,49698
17612,52428
17634,19178
17638,20046
17642,19178
17800,65280
17802,53538
17804,65532
17826,20874
17834,20906
17864,65280
17868,65532
18056,49152
18060,52428
18072,32880
18073,35174
18082,27306
18086,27242
18090,27306
18120,49152
18124,52428
18125,52428
18126,52428
18146,27370
18150,28270
18154,27370
18312,65280
18316,65532
18376,65280
18382,52428
18560,0
18562,8738
18564,3084
18568,0
18570,8738
18572,3084
18576,12336
18578,23130
18584,12336
18586,23130
18592,32896
18594,43690
18596,33796
18597,42250
18600,32896
18602,43690
18604,35852
18608,61680
18610,65278
18612,61440
18616,61680
18618,65278
18620,64524
18624,0
18626,8738
18628,3084
18634,8738
18636,3084
18638,19982
18640,12336
18642,23130
18648,12336
18650,23130
18656,32896
18658,43690
18666,43690
18670,19982
18672,61680
18674,65278
18680,61680
18682,65278
18816,3840
18820,13260
18824,3840
18828,13260
18838,27030
18848,34688
18850,33162
18856,34688
18858,41386
18880,3840
18884,13260
18888,3840
18892,13260
18912,34688
18920,34688
19072,0
19074,8738
19076,3084
19080,0
19082,8738
19084,3084
19088,12336
19090,23130
19096,12336
19098,23130
19104,32896
19106,43690
19108,33796
19109,42266
19112,32896
19114,43690
19116,35852
19118,27178
19120,61680
19122,65278
19128,61680
19130,65278
19136,0
19138,8738
19140,3084
19144,0
19146,8738
19148,3084
19152,12336
19154,23130
19160,12336
19162,23130
19168,32896
19170,43690
19176,32896
19178,43690
19184,61680
19186,65278
19192,61680
19194,65278
19328,3840
19332,13260
19336,3840
19340,13260
19370,41634
19392,3840
19396,13260
19400,3840
19404,13260
19584,49152
19586,49698
19588,52428
19589,52686
19590,49858
19592,49152
19594,49698
19596,52428
19600,49200
19604,51400
19608,49264
19612,52428
19622,19018
19648,49152
19650,49698
19652,52428
19653,53198
19656,49152
19658,49698
19660,52428
19661,52428
19662,52428
19686,20046
19840,65280
19842,61698
19844,65532
19848,65280
19850,61730
19852,65532
19872,30592
19888,13248
19904,65280
19912,65280
19918,52428
19936,30656
19952,13296
20096,49152
20100,52428
20101,56798
20102,58082
20104,49152
20109,61680
20110,61680
20112,49200
20120,49264
20134,27242
20161,65532
20162,65532
20164,52428
20165,57310
20166,61166
20168,49152
20172,52428
20198,28270
20352,65280
20356,65532
20360,65280
20366,61680
20384,32640
20400,16320
20418,65532
20420,65532
20424,65280
20428,65532
20448,32704
20464,16368
20616,0
20618,8738
20620,3084
20634,23130
20648,32896
20650,43690
20652,35916
20664,61680
20666,65278
20668,64572
20680,0
20682,8738
20684,3084
20698,23130
20712,32896
20714,43690
20728,61680
20730,65278
20874,20874
20878,20874
20894,20874
20904,34688
20906,42410
20968,34688
21128,0
21130,8738
21132,3084
21146,23130
21160,32896
21162,43690
21164,35916
21176,61680
21178,65278
21192,0
21194,8738
21196,3084
21210,23130
21224,32896
21226,43690
21240,61680
21242,65278
21934,21930
21950,21930
22656,0
22658,8738
22660,3084
22664,0
22666,8738
22668,3084
22672,12336
22674,23130
22680,12336
22682,23130
22688,32896
22690,43690
22692,33860
22693,42314
22696,32896
22698,43690
22700,35916
22704,61680
22706,65278
22708,61488
22712,61680
22714,65278
22716,64572
22720,0
22722,8738
22724,3084
22728,0
22730,8738
22732,3084
22736,12336
22738,23130
22744,12336
22746,23130
22754,43690
22760,32896
22762,43690
22768,61680
22770,65278
22776,61680
22778,65278
22912,3840
22916,13260
22920,3840
22924,13260
22944,34688
22946,34186
22952,34688
22954,42410
22976,3840
22980,13260
22984,3840
22988,13260
23008,34688
23016,34688
23024,13296
23168,0
23170,8738
23172,3084
23176,0
23178,8738
23180,3084
23184,12336
23186,23130
23192,12336
23194,23130
23200,32896
23202,43690
23204,33860
23208,32896
23210,43690
23212,35916
23216,61680
23218,65278
23224,61680
23226,65278
23232,0
23234,8738
23236,3084
23240,0
23242,8738
23244,3084
23248,12336
23250,23130
23256,12336
23258,23130
23264,32896
23266,43690
23272,32896
23274,43690
23280,61680
23282,65278
23288,61680
23290,65278
23424,3840
23428,13260
23432,3840
23436,13260
23472,14272
23488,3840
23492,13260
23496,3840
23500,13260
23680,49152
23682,49698
23684,52428
23688,49152
23690,49698
23692,52428
23696,61488
23700,63736
23704,61552
23710,51400
23744,49152
23746,49698
23748,52428
23752,49152
23754,49698
23756,52428
23776,12400
23936,65280
23938,64770
23940,65532
23944,65280
23946,64802
23948,65532
23964,51400
23966,51400
23968,30592
24000,65280
24004,65532
24008,65280
24012,65532
24032,30656
24048,13296
24192,49152
24196,52428
24200,49152
24204,52428
24208,61488
24216,61552
24256,49152
24260,52428
24264,49152
24268,52428
24448,65280
24452,65532
24456,65280
24460,65532
24480,32640
24512,65280
24516,65532
24520,65280
24524,65532
24544,32704
26752,0
26754,8738
26756,3084
26760,0
26762,8738
26764,3084
26770,23130
26776,12336
26778,23130
26784,32896
26786,43690
26788,33924
26792,32896
26794,43690
26796,35980
26800,61680
26802,65278
26804,61632
26808,61680
26810,65278
26812,64716
26816,0
26818,8738
26820,3084
26824,0
26826,8738
26828,3084
26834,23130
26840,12336
26842,23130
26848,32896
26850,43690
26856,32896
26858,43690
26864,61680
26866,65278
26872,61680
26874,65278
27016,3840
27020,13260
27040,34688
27042,35210
27048,34688
27080,3840
27084,13260
27104,34688
27112,34688
27264,0
27266,8738
27268,3084
27272,0
27274,8738
27276,3084
27282,23130
27288,12336
27290,23130
27296,32896
27298,43690
27300,33924
27305,43690
27306,43690
27308,35980
27312,61680
27314,65278
27320,61680
27322,65278
27328,0
27330,8738
27332,3084
27336,0
27338,8738
27340,3084
27346,23130
27352,12336
27354,23130
27360,32896
27362,43690
27368,32896
27370,43690
27376,61680
27378,65278
27384,61680
27386,65278
27528,3840
27532,13260
27560,43690
27562,43690
27592,3840
27596,13260
27784,49152
27786,49698
27788,52428
27800,49264
27804,52428
27814,19018
27849,36174
27850,49698
27852,52428
27854,20046
27878,20046
27880,3148
27886,20046
28040,65280
28042,61730
28044,65532
28104,65280
28108,65532
28296,49152
28300,52428
28312,49264
28326,27242
28334,27242
28360,49152
28364,52428
28390,28270
28392,11372
28398,28270
28552,65280
28556,65532
28616,65280
28620,65532
30856,0
30858,8738
30860,3084
30874,23130
30888,32896
30890,43690
30892,36044
30906,65278
30908,64764
30920,0
30922,8738
30924,3084
30938,23130
30952,32896
30954,43690
30968,61680
30970,65278
31144,34688
31146,44458
31160,65278
31162,65278
31208,34688
31368,0
31370,8738
31372,3084
31386,23130
31400,32896
31402,43690
31404,36044
31416,61680
31418,65278
31432,0
31434,8738
31436,3084
31450,23130
31464,32896
31466,43690
31480,61680
31482,65278
32770,8738
32772,3084
32774,8706
32778,8738
32780,3084
32786,23130
32788,32832
32792,12336
32794,23130
32802,43690
32804,33796
32806,41474
32808,32896
32810,43690
32812,35852
32816,61680
32818,65278
32822,61954
32824,61680
32826,65278
32828,64524
32834,8738
32836,3084
32838,11790
32842,8738
32844,3084
32850,23130
32856,12336
32858,23130
32866,43690
32870,42502
32872,32896
32874,43690
32876,35852
32880,61680
32882,65278
32886,61954
32888,61680
32890,65278
32892,65280
32894,65280
32898,8738
32902,8706
32906,8738
32908,3084
32914,23130
32916,32896
32920,12336
32922,23130
32924,35980
32928,32896
32930,43690
32934,43530
32938,43690
32940,35852
32946,65278
32950,65038
32952,61680
32954,65278
32960,0
32962,8738
32964,3084
32966,11790
32970,8738
32976,12336
32978,23130
32986,23130
32988,35980
32992,32896
32994,43690
32998,44558
33002,43690
33004,35980
33008,61680
33010,65278
33014,65038
33018,65278
33022,65280
33032,3840
33036,13260
33056,34688
33058,33162
33062,39170
33064,34688
33066,41386
33072,50112
33074,49614
33076,49920
33082,49614
33084,49932
33096,3840
33100,13260
33120,34688
33126,39174
33128,34688
33136,62448
33138,53726
33146,53726
33148,65280
33150,65280
33152,3840
33156,13260
33160,3840
33164,13260
33168,2816
33184,34688
33186,33162
33192,34688
33194,41386
33200,50112
33202,57838
33210,57838
33216,3840
33220,13260
33224,3840
33228,13260
33232,15152
33248,34688
33256,34688
33264,62448
33266,61950
33274,61950
33276,65280
33280,0
33282,8738
33284,3084
33286,8738
33292,3084
33294,41506
33298,23130
33304,12336
33306,23130
33312,32896
33314,43690
33316,33796
33318,41506
33320,32896
33324,35852
33326,41506
33328,61680
33330,65278
33334,61954
33336,61680
33338,65278
33344,0
33346,8738
33348,3084
33350,11822
33352,0
33354,8738
33356,3084
33362,23130
33368,12336
33370,23130
33376,32896
33378,43690
33382,42534
33384,32896
33386,43690
33398,61954
33400,61680
33402,65278
33408,0
33410,8738
33412,3084
33420,3084
33422,43690
33424,12336
33426,23130
33432,12336
33436,43180
33438,43690
33440,32896
33442,43690
33444,33796
33446,43562
33450,43690
33452,35852
33454,43690
33456,61680
33458,65278
33462,65038
33464,61680
33468,43180
33470,43690
33472,0
33474,8738
33476,3084
33478,11822
33480,0
33482,8738
33484,3084
33488,12336
33490,23130
33496,12336
33498,23130
33504,32896
33506,43690
33510,44590
33512,32896
33514,43690
33526,65038
33528,61680
33530,65278
33544,3840
33548,13260
33558,48510
33584,53184
33586,50126
33588,49920
33594,50126
33596,49932
33608,3840
33612,13260
33622,47434
33658,54238
33664,3840
33668,13260
33672,3840
33676,13260
33680,3840
33686,46518
33692,48060
33694,47546
33712,53184
33714,58350
33722,58350
33724,48060
33728,3840
33732,13260
33736,3840
33740,13260
33744,16176
33786,62462
33800,49152
33802,49698
33804,52428
33816,32880
33820,35980
33824,32768
33844,32832
33852,35916
33864,49152
33866,49698
33868,52428
33880,33860
33888,32768
33916,35916
33922,49698
33926,49858
33930,49698
33932,52428
33942,34438
33944,32880
33948,35980
33952,32896
33956,32896
33960,34952
33968,32896
33972,32896
33980,35980
33984,49152
33986,49698
33988,52428
33990,52942
33994,49698
34008,35980
34012,35980
34024,35980
34028,35980
34040,35980
34044,35980
34056,65280
34058,53538
34060,65532
34074,41290
34076,35724
34120,65280
34124,65532
34138,41306
34140,35724
34176,65280
34178,53506
34180,65532
34184,65280
34186,53538
34188,65532
34240,65280
34244,65532
34248,65280
34252,65532
34312,49152
34316,52428
34328,32880
34330,41570
34334,41570
34362,41570
34364,41068
34376,49152
34380,52428
34432,49152
34436,52428
34442,43690
34444,52428
34446,43690
34448,32816
34454,34438
34456,32880
34458,43690
34460,43180
34462,43690
34472,43176
34474,43690
34478,43690
34490,43690
34492,43180
34496,49152
34504,49152
34508,52428
34568,65280
34572,65532
34588,35724
34590,45426
34614,49022
34620,45948
34632,65280
34636,65532
34652,35724
34678,49022
34688,65280
34692,65532
34696,65280
34700,65532
34716,48060
34748,48060
34752,65280
34758,60652
34760,65280
34764,65532
34818,8738
34820,3084
34822,8706
34824,0
34826,8738
34828,3084
34832,12336
34834,23130
34836,32832
34840,12336
34842,23130
34850,43690
34852,33796
34854,41474
34856,32896
34858,43690
34860,35852
34864,61680
34866,65278
34872,61680
34874,65278
34876,64524
34882,8738
34884,3084
34886,11790
34888,0
34890,8738
34892,3084
34896,12336
34898,23130
34904,12336
34906,23130
34914,43690
34918,42502
34920,32896
34922,43690
34928,61680
34930,65278
34936,61680
34938,65278
34946,8738
34950,8706
34954,8738
34956,3084
34962,23130
34964,32896
34968,12336
34970,23130
34972,35980
34976,32896
34978,43690
34982,43530
34986,43690
34988,35852
34994,65278
35000,61680
35002,65278
35008,0
35010,8738
35012,3084
35014,11790
35018,8738
35024,12336
35026,23130
35034,23130
35036,35980
35040,32896
35042,43690
35046,44558
35050,43690
35052,35980
35056,61680
35058,65278
35066,65278
35068,35980
35072,3840
35076,13260
35080,3840
35084,13260
35088,2816
35104,34688
35106,33162
35110,39202
35112,34688
35114,41386
35136,3840
35140,13260
35144,3840
35148,13260
35152,15152
35168,34688
35174,39206
35176,34688
35200,3840
35204,13260
35208,3840
35212,13260
35216,2816
35232,34688
35234,33162
35240,34688
35242,41386
35264,3840
35268,13260
35272,3840
35276,13260
35280,15152
35296,34688
35304,34688
35328,0
35330,8738
35332,3084
35334,8738
35336,0
35338,8738
35340,3084
35344,12336
35346,23130
35352,12336
35354,23130
35360,32896
35362,43690
35364,33796
35366,41506
35368,32896
35370,43690
35372,35852
35376,61680
35378,65278
35384,61680
35386,65278
35392,0
35394,8738
35396,3084
35398,11822
35400,0
35402,8738
35404,3084
35408,12336
35410,23130
35416,12336
35418,23130
35424,32896
35426,43690
35430,42534
35432,32896
35434,43690
35440,61680
35442,65278
35448,61680
35450,65278
35456,0
35458,8738
35460,3084
35462,8738
35468,3084
35470,43690
35472,12336
35474,23130
35480,12336
35484,43180
35488,32896
35490,43690
35492,33796
35498,43690
35500,35852
35502,43690
35504,61680
35506,65278
35512,61680
35516,43180
35520,0
35522,8738
35524,3084
35526,11822
35528,0
35530,8738
35532,3084
35536,12336
35538,23130
35544,12336
35546,23130
35552,32896
35554,43690
35558,44590
35560,32896
35562,43690
35568,61680
35570,65278
35576,61680
35578,65278
35584,3840
35588,13260
35592,3840
35596,13260
35600,3840
35606,48510
35626,41634
35648,3840
35652,13260
35656,3840
35660,13260
35664,16176
35670,47434
35712,3840
35716,13260
35720,3840
35724,13260
35728,3840
35740,48060
35754,41634
35772,48060
35776,3840
35780,13260
35784,3840
35788,13260
35792,16176
35842,49698
35844,52428
35846,49858
35848,49152
35850,49698
35852,52428
35856,49200
35864,49264
35868,52428
35872,32768
35892,32832
35906,49698
35908,52428
35912,49152
35914,49698
35916,52428
35918,52428
35936,32768
35970,49698
35974,49858
35978,49698
35980,52428
35992,49264
36000,32896
36004,32896
36008,34952
36016,32896
36020,32896
36028,35980
36032,49152
36034,49698
36036,52428
36042,49698
36046,52428
36056,35980
36060,35980
36072,35980
36076,35980
36088,35980
36092,35980
36096,65280
36098,61698
36100,65532
36102,61938
36104,65280
36106,61730
36108,65532
36112,51968
36116,53192
36124,53196
36160,65280
36166,61950
36168,65280
36174,52428
36176,52016
36180,53192
36188,53196
36224,65280
36226,61698
36228,65532
36232,65280
36234,61730
36236,65532
36288,65280
36296,65280
36352,49152
36356,52428
36358,58082
36360,49152
36366,61680
36368,49200
36376,49264
36418,65532
36420,52428
36422,61166
36424,49152
36428,52428
36480,49152
36484,52428
36486,58082
36490,43690
36496,49200
36504,49264
36506,43690
36508,43180
36518,43690
36520,43176
36522,43690
36538,43690
36540,43180
36546,65532
36548,52428
36550,61166
36552,49152
36556,52428
36608,65280
36612,65532
36614,62450
36616,65280
36622,61680
36624,52992
36628,53192
36636,53196
36662,49022
36674,65532
36676,65532
36678,62462
36680,65280
36684,65532
36688,53040
36692,53192
36700,53196
36726,49022
36736,65280
36740,65532
36744,65280
36764,48060
36790,49086
36796,48060
36802,65532
36804,65532
36808,65280
36812,65532
36874,8738
36876,3084
36890,23130
36904,32896
36906,43690
36908,35916
36920,61680
36922,65278
36924,64572
36936,0
36938,8738
36940,3084
36954,23130
36968,32896
36970,43690
36984,61680
36986,65278
36994,8738
36996,3084
37000,0
37002,8738
37004,3084
37008,12336
37010,23130
37016,12336
37018,23130
37024,32896
37026,43690
37028,33860
37032,32896
37034,43690
37036,35916
37040,61680
37044,61488
37048,61680
37052,64572
37056,0
37058,8738
37060,3084
37064,0
37066,8738
37068,3084
37072,12336
37074,23130
37080,12336
37082,23130
37088,32896
37090,43690
37096,32896
37098,43690
37104,61680
37112,61680
37130,33026
37160,34688
37162,42410
37224,34688
37248,3840
37252,13260
37256,3840
37260,13260
37280,34688
37282,34186
37288,34688
37290,42410
37312,3840
37316,13260
37320,3840
37324,13260
37344,34688
37352,34688
37388,3084
37402,23130
37416,32896
37418,43690
37420,35916
37432,61680
37434,65278
37448,0
37450,8738
37452,3084
37466,23130
37480,32896
37482,43690
37496,61680
37498,65278
37506,8738
37508,3084
37512,0
37514,8738
37516,3084
37520,12336
37522,23130
37528,12336
37530,23130
37538,43690
37540,33860
37544,32896
37546,43690
37548,35916
37552,61680
37560,61680
37568,0
37570,8738
37572,3084
37576,0
37578,8738
37580,3084
37584,12336
37586,23130
37592,12336
37594,23130
37600,32896
37602,43690
37608,32896
37610,43690
37616,61680
37624,61680
37642,33026
37768,3840
37772,13260
37792,34688
37796,34688
37824,3840
37828,13260
37832,3840
37836,13260
37948,48252
38016,49152
38018,49698
38020,52428
38024,49152
38026,49698
38028,52428
38032,45104
38038,38550
38040,45168
38044,48316
38068,45232
38080,49152
38082,49698
38084,52428
38088,49152
38090,49698
38092,52428
38100,43690
38102,43690
38186,44386
38272,65280
38274,56578
38276,65532
38280,65280
38282,56610
38284,65532
38336,65280
38340,65532
38344,65280
38348,65532
38458,37458
38460,36956
38528,49152
38532,52428
38536,49152
38540,52428
38544,45104
38548,38032
38552,45168
38580,38032
38592,49152
38596,52428
38600,49152
38604,52428
38698,33090
38792,65280
38796,65532
38816,34688
38820,34688
38848,65280
38852,65532
38856,65280
38860,65532
38914,8738
38916,3084
38920,0
38922,8738
38924,3084
38928,12336
38930,23130
38936,12336
38938,23130
38944,32896
38946,43690
38948,33860
38952,32896
38954,43690
38956,35916
38960,61680
38962,65278
38964,61488
38968,61680
38970,65278
38972,64572
38978,8738
38980,3084
38984,0
38986,8738
38988,3084
38992,12336
38994,23130
39000,12336
39002,23130
39008,32896
39010,43690
39012,32880
39016,32896
39018,43690
39024,61680
39026,65278
39032,61680
39034,65278
39042,8738
39044,3084
39050,8738
39052,3084
39056,12336
39058,23130
39064,12336
39066,23130
39072,32896
39074,43690
39076,33860
39080,32896
39084,35916
39088,61680
39090,65278
39092,61488
39096,61680
39100,64572
39104,0
39106,8738
39108,3084
39112,0
39114,8738
39116,3084
39120,12336
39122,23130
39128,12336
39130,23130
39136,32896
39138,43690
39144,32896
39152,61680
39154,65278
39160,61680
39168,3840
39172,13260
39176,3840
39180,13260
39200,34688
39202,34186
39206,39266
39208,34688
39210,42410
39232,3840
39236,13260
39240,3840
39244,13260
39264,34688
39272,34688
39296,3840
39300,13260
39304,3840
39308,13260
39328,34688
39330,34186
39336,34688
39360,3840
39364,13260
39368,3840
39372,13260
39392,34688
39400,34688
39402,40602
39424,0
39426,8738
39428,3084
39432,0
39434,8738
39436,3084
39440,12336
39442,23130
39448,12336
39450,23130
39456,32896
39458,43690
39460,33860
39464,32896
39466,43690
39468,35916
39472,61680
39474,65278
39480,61680
39482,65278
39488,0
39490,8738
39492,3084
39496,0
39498,8738
39500,3084
39504,12336
39506,23130
39512,12336
39514,23130
39520,32896
39522,43690
39528,32896
39530,43690
39536,61680
39538,65278
39544,61680
39546,65278
39552,0
39554,8738
39556,3084
39564,3084
39568,12336
39570,23130
39576,12336
39578,23130
39584,32896
39586,43690
39588,33860
39592,32896
39594,43690
39600,61680
39602,65278
39608,61680
39616,0
39618,8738
39620,3084
39624,0
39626,8738
39628,3084
39632,12336
39634,23130
39640,12336
39642,23130
39648,32896
39650,43690
39656,32896
39664,61680
39666,65278
39672,61680
39680,3840
39684,13260
39688,3840
39692,13260
39744,3840
39748,13260
39752,3840
39756,13260
39808,3840
39812,13260
39816,3840
39820,13260
39850,47802
39872,3840
39876,13260
39880,3840
39884,13260
39914,48826
39936,49152
39938,49698
39940,52428
39944,49152
39946,49698
39948,52428
39952,61488
39956,63736
39960,61552
39988,45168
40000,49152
40002,49698
40004,52428
40008,49152
40010,49698
40012,52428
40016,45104
40052,45168
40064,49152
40066,49698
40068,52428
40072,49152
40074,49698
40080,61488
40088,61552
40104,11822
40106,11822
40108,11822
40116,45232
40120,11822
40122,11822
40128,49152
40130,49698
40132,52428
40134,51436
40136,49152
40138,49698
40156,35980
40168,11790
40170,11790
40172,11790
40184,11790
40186,11790
40188,11790
40192,65280
40194,64770
40200,65280
40202,64802
40256,65280
40264,65280
40320,65280
40322,64770
40324,65532
40328,65280
40330,64802
40360,11822
40362,11822
40364,11822
40384,65280
40392,65280
40424,11790
40426,11790
40428,11790
40448,49152
40452,52428
40456,49152
40460,52428
40464,61488
40472,61552
40512,49152
40516,52428
40520,49152
40524,52428
40576,49152
40580,52428
40582,62672
40584,49152
40592,61488
40602,47802
40604,47288
40616,8738
40618,8738
40620,8738
40632,8738
40640,49152
40644,52428
40648,49152
40668,48316
40680,8706
40682,8706
40684,8706
40696,8706
40698,8706
40700,8706
40704,65280
40712,65280
40768,65280
40776,65280
40832,65280
40840,65280
40872,8738
40874,8738
40876,8738
40896,65280
40900,65532
40904,65280
40936,8706
40938,8706
40940,8706
41090,8738
41098,8738
41100,3084
41106,23130
41108,32896
41112,12336
41114,23130
41116,35980
41120,32896
41152,0
41154,8738
41156,3084
41162,8738
41168,12336
41170,23130
41178,23130
41180,35980
41184,32896
41188,32896
41204,32896
41344,3840
41348,13260
41352,3840
41356,13260
41380,32896
41388,32896
41408,3840
41412,13260
41416,3840
41420,13260
41442,32896
41444,32896
41450,32896
41452,32896
41600,0
41602,8738
41604,3084
41612,3084
41616,12336
41618,23130
41624,12336
41628,43180
41632,32896
41652,32896
41664,0
41666,8738
41668,3084
41672,0
41674,8738
41676,3084
41680,12336
41682,23130
41688,12336
41690,23130
41696,32896
41700,32896
41704,32896
41708,32896
41716,32896
41724,32896
41856,3840
41860,13260
41864,3840
41868,13260
41888,32896
41890,32896
41892,32896
41896,32896
41898,32896
41900,32896
41920,3840
41924,13260
41928,3840
41932,13260
41952,32896
41954,32896
41956,32896
41960,32896
41962,32896
41964,32896
42114,49698
42122,49698
42124,52428
42136,32880
42140,35980
42146,23130
42154,23130
42156,23130
42162,23130
42168,23130
42176,49152
42178,49698
42180,52428
42186,49698
42200,35980
42204,35980
42208,23130
42210,23130
42212,23130
42218,23130
42224,23130
42226,23130
42228,23130
42368,65280
42370,53506
42372,65532
42376,65280
42378,53538
42380,65532
42400,23130
42402,23130
42404,23130
42408,23130
42410,23130
42412,23130
42432,65280
42436,65532
42440,65280
42444,65532
42464,23130
42466,23130
42468,23130
42472,23130
42474,23130
42476,23130
42624,49152
42628,52428
42634,43690
42636,52428
42640,32816
42648,32880
42650,43690
42652,43180
42656,23130
42658,23130
42660,23130
42668,23130
42672,23130
42674,23130
42676,23130
42680,23130
42688,49152
42692,52428
42696,49152
42700,52428
42720,23130
42722,23130
42724,23130
42728,23130
42730,23130
42732,23130
42736,23130
42738,23130
42740,23130
42744,23130
42748,23130
42880,65280
42884,65532
42888,65280
42892,65532
42912,23130
42914,23130
42916,23130
42920,23130
42922,23130
42924,23130
42944,65280
42948,65532
42952,65280
42956,65532
42976,23130
42978,23130
42980,23130
42984,23130
42986,23130
42988,23130
43010,8738
43012,3084
43016,0
43018,8738
43020,3084
43026,23130
43028,32832
43032,12336
43042,43690
43044,33924
43048,32896
43050,43690
43052,35980
43056,61680
43058,65278
43064,61680
43068,64716
43074,8738
43076,3084
43080,0
43082,8738
43084,3084
43090,23130
43096,12336
43106,43690
43112,32896
43114,43690
43120,61680
43122,65278
43128,61680
43138,8738
43146,8738
43148,3084
43154,23130
43156,32896
43160,12336
43164,35980
43170,43690
43178,43690
43200,0
43202,8738
43204,3084
43210,8738
43216,12336
43218,23130
43228,35980
43234,43690
43236,43690
43242,43690
43252,43690
43272,3840
43276,13260
43296,34688
43298,35210
43304,34688
43336,3840
43340,13260
43360,34688
43368,34688
43392,3840
43396,13260
43400,3840
43404,13260
43428,43690
43456,3840
43460,13260
43464,3840
43468,13260
43490,43690
43492,43690
43500,43690
43520,0
43522,8738
43524,3084
43528,0
43530,8738
43532,3084
43538,23130
43544,12336
43552,32896
43554,43690
43556,33924
43562,43690
43568,61680
43570,65278
43576,61680
43584,0
43586,8738
43588,3084
43592,0
43594,8738
43596,3084
43602,23130
43608,12336
43620,43610
43628,43642
43636,43610
43644,43642
43648,0
43650,8738
43652,3084
43660,3084
43664,12336
43666,23130
43672,12336
43676,43180
43682,43690
43700,43690
43712,0
43714,8738
43716,3084
43720,0
43722,8738
43724,3084
43728,12336
43730,23130
43736,12336
43746,43690
43748,43690
43756,43690
43764,43690
43772,43690
43784,3840
43788,13260
43816,43690
43818,43690
43820,47802
43848,3840
43852,13260
43872,43594
43874,43594
43876,43610
43884,43642
43904,3840
43908,13260
43912,3840
43916,13260
43936,43690
43938,43690
43940,43690
43944,43690
43948,43690
43968,3840
43972,13260
43976,3840
43980,13260
44000,43690
44002,43690
44004,43690
44008,43690
44012,43690
44040,49152
44042,49698
44044,52428
44056,49264
44060,52428
44064,32768
44084,32832
44104,49152
44106,49698
44108,52428
44128,32768
44162,49698
44170,49698
44172,52428
44184,49264
44194,8738
44204,8738
44210,8738
44216,8738
44240,48060
44242,48060
44244,48060
44256,8738
44258,8738
44260,8738
44272,8738
44274,8738
44276,8738
44296,65280
44298,61730
44300,65532
44360,65280
44364,65532
44416,65280
44418,61698
44420,65532
44424,65280
44426,61730
44428,65532
44448,8738
44450,8738
44452,8738
44456,8738
44460,8738
44482,48060
44512,8738
44514,8738
44516,8738
44520,8738
44524,8738
44552,49152
44556,52428
44568,49264
44632,47988
44636,47988
44672,49152
44676,52428
44682,43690
44684,52428
44688,49200
44696,49264
44700,43180
44704,8738
44706,8738
44708,8738
44716,8738
44720,8738
44722,8738
44724,8738
44728,8738
44738,48060
44752,48060
44754,48060
44756,48060
44760,48060
44764,48060
44768,8738
44770,8738
44772,8738
44776,8738
44780,8738
44784,8738
44786,8738
44788,8738
44792,8738
44796,8738
44808,65280
44812,65532
44928,65280
44932,65532
44936,65280
44940,65532
44960,8738
44962,8738
44964,8738
44968,8738
44972,8738
44994,48060
45024,8738
45026,8738
45028,8738
45032,8738
45036,8738
45184,0
45186,8738
45188,3084
45192,0
45196,3084
45200,12336
45202,23130
45208,12336
45216,32896
45224,32896
45248,0
45250,8738
45252,3084
45256,0
45260,3084
45264,12336
45266,23130
45272,12336
45280,32896
45284,32896
45288,32896
45292,32896
45300,32896
45308,32896
45696,0
45698,8738
45700,3084
45704,0
45708,3084
45712,12336
45714,23130
45720,12336
45728,32896
45736,32896
45748,32896
45756,32896
45760,0
45762,8738
45764,3084
45768,0
45772,3084
45776,12336
45778,23130
45784,12336
45792,32896
45796,32896
45800,32896
45804,32896
45812,32896
45820,32896
46208,49152
46210,49698
46212,52428
46216,49152
46220,52428
46224,45104
46228,47288
46232,45168
46236,48316
46240,23130
46242,23130
46244,23130
46248,23130
46252,23130
46256,23130
46260,23130
46264,23130
46268,23130
46272,49152
46274,49698
46276,52428
46280,49152
46284,52428
46290,45426
46304,23130
46306,23130
46308,23130
46312,23130
46316,23130
46320,23130
46324,23130
46328,23130
46332,23130
46720,49152
46724,52428
46728,49152
46732,52428
46736,45104
46744,45168
46752,23130
46754,23130
46756,23130
46760,23130
46764,23130
46768,23130
46772,23130
46776,23130
46780,23130
46784,49152
46786,61696
46788,52428
46792,49152
46796,52428
46816,23130
46818,23130
46820,23130
46824,23130
46828,23130
46832,23130
46836,23130
46840,23130
46844,23130
47112,0
47116,3084
47144,32896
47148,36044
47164,64764
47176,0
47180,3084
47208,32896
47224,61680
47232,0
47234,8738
47236,3084
47240,0
47244,3084
47248,12336
47256,12336
47266,43690
47296,0
47298,8738
47300,3084
47304,0
47308,3084
47312,12336
47320,12336
47330,43690
47332,43690
47340,43690
47348,43690
47356,43690
47624,0
47628,3084
47656,32896
47660,36044
47672,61680
47688,0
47692,3084
47724,44670
47740,44670
47744,0
47746,8738
47748,3084
47752,0
47756,3084
47760,12336
47768,12336
47778,43690
47796,43690
47804,43690
47808,0
47810,8738
47812,3084
47816,0
47820,3084
47824,12336
47832,12336
47844,43690
47852,43690
47860,43690
47868,43690
48256,49152
48258,49698
48260,52428
48264,49152
48272,61488
48276,63736
48280,61552
48284,64764
48288,8738
48292,8738
48296,8738
48300,8738
48304,8738
48308,8738
48312,8738
48316,8738
48336,48060
48340,48060
48344,48060
48348,48060
48352,8738
48356,8738
48360,8738
48364,8738
48368,8738
48372,8738
48376,8738
48380,8738
48770,65280
48772,52428
48776,49152
48780,52428
48784,61488
48792,61552
48800,8738
48804,8738
48808,8738
48812,8738
48816,8738
48820,8738
48824,8738
48828,8738
48848,48060
48852,48060
48856,48060
48860,48060
48864,8738
48868,8738
48872,8738
48876,8738
48880,8738
48884,8738
48888,8738
48892,8738
49292,3084
49300,49344
49304,12336
49308,52428
49324,35852
49336,61680
49348,3084
49372,52428
49388,52428
49392,61680
49796,3084
49804,3084
49816,12336
49820,51436
49824,32896
49828,33796
49836,35852
49840,61680
49848,61680
49852,51436
49860,3084
49884,52428
49892,50112
49908,50112
50316,52428
50328,32880
50336,49344
50340,49344
50344,51400
50356,49344
50380,52428
50392,52428
50396,52428
50400,49344
50408,52428
50412,52428
50424,52428
50828,52428
50840,32880
50844,51436
50856,51432
50892,52428
50920,52428
50924,52428
50936,52428
51340,3084
51348,49344
51352,12336
51372,35852
51384,61680
51396,3084
51408,12336
51436,52428
51440,61680
51840,0
51844,3084
51848,0
51852,3084
51856,12336
51864,12336
51892,52686
51904,0
51908,3084
51912,0
51916,3084
51920,12336
51928,12336
51940,52686
51956,52686
52364,52428
52408,3084
52420,52428
52432,52428
52436,52428
52440,52428
52452,3084
52464,3084
52468,3084
52868,52428
52884,52428
52896,3084
52900,3084
52904,3084
52912,3084
52916,3084
52920,3084
52932,52428
52944,52428
52948,52428
52952,52428
52960,3084
52964,3084
52968,3084
52976,3084
52980,3084
52984,3084
53384,0
53416,32896
53448,0
53480,32896
53896,0
53928,32896
55016,64764
55428,3084
55432,0
55460,33860
55464,32896
55496,0
55524,61680
55528,32896
55936,0
55940,3084
55944,0
56000,0
56004,3084
56452,52428
56488,3084
56552,3084
56964,52428
56992,3084
57000,3084
57056,3084
60032,0
60096,0
3,0
3,64752
4,0
4,3084
6,514
6,8706
7,0
7,64752
19,0
19,64752
23,0
23,64752
32,0
32,32896
35,47280
35,64752
36,0
36,33796
38,514
38,41474
39,45056
39,64752
40,0
40,32896
48,0
48,61680
52,0
52,61440
60,3084
60,64524
63,61440
63,65520
70,1538
70,11790
72,0
72,1028
96,0
96,32896
104,1028
104,32896
119,61440
119,65520
124,3084
124,65280
134,2562
134,8706
160,0
160,32896
179,61440
179,65520
187,61440
187,65520
198,3586
198,11790
200,0
200,3084
216,3084
216,12336
219,16176
219,65280
223,3840
223,65280
224,0
224,32896
232,3084
232,32896
243,61440
243,65520
248,3084
248,61680
252,3084
252,65280
278,4382
278,16770
289,33924
289,60652
304,768
304,50112
305,49344
305,60652
307,49344
307,64764
309,49152
309,60652
311,49152
311,65532
315,49344
315,64764
319,49152
319,65532
331,0
331,62656
342,5418
342,20874
351,0
351,64704
371,49344
371,64764
375,49152
375,65532
379,49344
379,64764
400,960
400,2816
406,6614
406,24966
432,960
432,50112
439,61440
439,65520
447,61440
447,65520
464,992
464,15152
470,7650
470,29070
503,61440
503,65520
519,0
519,61680
538,8738
538,23130
544,0
544,32896
550,8738
550,41506
551,45104
551,61680
554,8738
554,43690
567,61440
567,65520
570,8738
570,65278
575,61440
575,65520
582,8706
582,11822
624,61632
624,61680
625,61632
625,62204
626,61632
626,65278
627,61632
627,64752
631,61440
631,65520
691,61440
691,65520
699,61440
699,65520
710,8706
710,11822
752,61632
752,61680
753,61632
753,62460
754,61632
754,65278
763,61440
763,65520
779,0
779,61680
783,0
783,61680
790,15678
790,17346
795,0
795,61680
799,0
799,61680
816,3840
816,53184
819,49344
819,64764
823,49152
823,65532
854,14602
854,21450
880,61632
880,65520
881,60652
881,61632
882,54238
882,61632
887,49152
887,65532
891,49344
891,64764
912,1984
912,3840
918,13814
918,25542
951,61440
951,65520
976,960
976,16176
982,12738
982,29646
1008,61632
1008,65520
1009,61632
1009,64764
1010,61632
1010,62462
1011,61632
1011,61680
1015,61440
1015,65520
1032,0
1032,49152
1052,3084
1052,35980
1059,2096
1059,64752
1060,0
1060,1028
1063,0
1063,64752
1079,0
1079,64752
1096,1028
1096,49152
1120,0
1120,64
1152,0
1152,49152
1184,0
1184,128
1216,0
1216,49152
1224,3084
1224,49152
1228,3084
1228,52428
1248,0
1248,192
1295,49344
1295,64764
1309,34952
1309,61166
1311,32896
1311,65278
1334,258
1334,4894
1359,49344
1359,64764
1373,34952
1373,61166
1398,258
1398,5950
1462,270
1462,7134
1526,270
1526,8190
1575,12336
1575,61680
1578,8738
1578,10794
1632,64
1632,1056
1687,34688
1687,65054
1695,34688
1695,65054
1696,128
1696,2048
1732,52428
1732,60652
1733,57308
1733,60652
1734,60652
1734,61166
1735,60652
1735,65520
1760,192
1760,3104
1821,34952
1821,61166
1839,0
1839,61680
1846,770
1846,16190
1851,0
1851,61680
1871,49344
1871,64764
1885,34952
1885,61166
1910,770
1910,16190
1974,782
1974,16382
1988,60652
1988,65532
2038,782
2038,16382
2052,0
2052,3084
2054,514
2054,8706
2064,0
2064,12336
2080,0
2080,32896
2083,47280
2083,64752
2084,0
2084,33796
2086,514
2086,41474
2087,45056
2087,64752
2088,0
2088,32896
2096,0
2096,61680
2100,0
2100,61440
2108,3084
2108,64524
2118,1538
2118,11790
2120,0
2120,1028
2144,0
2144,32896
2152,1028
2152,32896
2182,2562
2182,8706
2208,0
2208,32896
2246,3586
2246,11790
2248,0
2248,3084
2264,3084
2264,12336
2272,0
2272,32896
2280,3084
2280,32896
2296,3084
2296,61680
2309,29812
2309,60652
2320,768
2320,2816
2325,17476
2325,60652
2326,4382
2326,16770
2337,33924
2337,60652
2384,800
2384,15152
2390,5418
2390,20874
2407,32816
2407,61938
2415,45104
2415,62450
2448,960
2448,2816
2454,6614
2454,24966
2512,992
2512,15152
2518,7650
2518,29070
2586,8738
2586,23130
2592,0
2592,32896
2598,8738
2598,41506
2599,45104
2599,61680
2602,8738
2602,43690
2618,8738
2618,65278
2630,8706
2630,11822
2758,8706
2758,11822
2831,12336
2831,61680
2838,15678
2838,17346
2896,2816
2896,16176
2902,14602
2902,21450
2960,1984
2960,3840
2966,13814
2966,25542
3024,960
3024,16176
3030,12738
3030,29646
3072,0
3072,49152
3075,49200
3075,64752
3076,0
3076,52428
3078,514
3078,49858
3079,49344
3079,64752
3080,0
3080,49152
3088,0
3088,49200
3092,0
3092,51400
3100,3084
3100,52428
3108,0
3108,1028
3111,0
3111,64752
3120,0
3120,48
3136,0
3136,49152
3142,52428
3142,52942
3143,52416
3143,52428
3144,1028
3144,49152
3168,0
3168,64
3200,0
3200,49152
3232,0
3232,128
3264,0
3264,49152
3270,52428
3270,52942
3271,52428
3271,53184
3272,3084
3272,49152
3276,3084
3276,52428
3279,52428
3279,65280
3296,0
3296,192
3329,60652
3329,64524
3341,49344
3341,64764
3344,768
3344,51968
3345,51208
3345,60652
3349,52428
3349,60652
3351,49344
3351,64764
3361,13316
3361,60652
3377,0
3377,60652
3381,3084
3381,60652
3382,258
3382,4894
3396,60652
3396,65532
3404,52428
3404,65532
3407,52428
3407,61680
3415,49344
3415,64764
3446,258
3446,5950
3510,270
3510,7134
3524,60652
3524,65532
3532,52428
3532,65532
3574,270
3574,8190
3584,0
3584,49152
3590,8738
3590,58082
3596,52428
3596,61680
3598,8738
3598,61680
3623,12336
3623,61680
3648,49152
3648,65532
3680,64
3680,1056
3724,52428
3724,61680
3744,128
3744,2048
3776,49152
3776,65532
3808,192
3808,3104
3845,49344
3845,64764
3852,61680
3852,65532
3856,3840
3856,52992
3857,52236
3857,52428
3863,49344
3863,64764
3889,3084
3889,52428
3894,770
3894,16190
3904,65280
3904,65532
3905,64524
3905,65532
3909,49344
3909,64764
3917,49344
3917,64764
3927,49344
3927,64764
3958,770
3958,16190
3980,61680
3980,65532
4022,782
4022,16382
4032,65280
4032,65532
4086,782
4086,16382
4256,0
4256,32896
4275,61440
4275,65520
4283,61440
4283,65520
4288,0
4288,48
4320,48
4320,32896
4339,61440
4339,65520
4347,61440
4347,65520
4787,61440
4787,65520
4795,61440
4795,65520
4851,61440
4851,65520
4859,61440
4859,65520
5064,3840
5064,13260
5248,0
5248,49152
5312,48
5312,49152
5783,34688
5783,65054
6088,13260
6088,65280
6092,13260
6092,65532
6176,0
6176,32896
6196,12336
6196,61488
6208,0
6208,48
6240,48
6240,32896
6304,0
6304,32896
6336,0
6336,48
6368,48
6368,32896
6503,32880
6503,61950
6916,3840
6916,13260
6919,12336
6919,52428
7051,12336
7051,61680
7083,61680
7083,62194
7112,3840
7112,13260
7115,0
7115,61632
7147,61632
7147,65266
7168,0
7168,49152
7188,12336
7188,63736
7196,51400
7196,64764
7232,48
7232,49152
7296,0
7296,49152
7324,51400
7324,64764
7325,49152
7325,51400
7360,48
7360,49152
7373,52236
7373,52428
7429,49344
7429,64764
7437,49344
7437,64764
7493,49344
7493,64764
7501,49344
7501,64764
7620,59628
7620,65532
7628,52428
7628,65532
7936,3840
7936,65280
7940,3840
7940,65532
7941,49344
7941,64764
7943,52428
7943,61680
7949,49344
7949,64764
7968,3840
7968,16128
8005,49344
8005,64764
8013,49344
8013,64764
8068,64720
8068,65532
8136,13260
8136,65280
8140,13260
8140,65532
8326,2562
8326,8706
8352,0
8352,32896
8371,49152
8371,65532
8379,49152
8379,65532
8390,3586
8390,11790
8392,0
8392,3084
8408,3084
8408,12336
8416,0
8416,32896
8424,3084
8424,32896
8434,61632
8434,65278
8440,3084
8440,61680
8442,64704
8442,65278
8592,960
8592,2816
8598,6614
8598,24966
8624,960
8624,50112
8656,992
8656,15152
8662,7650
8662,29070
8688,61680
8688,62448
8883,49152
8883,65532
8890,59624
8890,65278
8902,8706
8902,11822
8930,32896
8930,43690
8931,32896
8931,48056
8947,49152
8947,65532
9104,1984
9104,3840
9110,13814
9110,25542
9168,960
9168,16176
9174,12738
9174,29646
9344,0
9344,49152
9376,0
9376,128
9408,0
9408,49152
9416,3084
9416,49152
9420,3084
9420,52428
9440,0
9440,192
9654,270
9654,7134
9718,270
9718,8190
9888,128
9888,2048
9952,192
9952,3104
10166,782
10166,16382
10230,782
10230,16382
10244,0
10244,3084
10246,514
10246,8706
10272,0
10272,32896
10275,47288
10275,64752
10276,0
10276,33924
10278,514
10278,41602
10280,0
10280,32896
10288,0
10288,61680
10292,0
10292,61632
10300,3084
10300,64716
10310,1538
10310,11790
10312,0
10312,1028
10336,0
10336,32896
10344,1028
10344,32896
10374,2562
10374,8706
10400,0
10400,32896
10438,3586
10438,11790
10440,0
10440,3084
10456,3084
10456,12336
10464,0
10464,32896
10472,3084
10472,32896
10488,3084
10488,61680
10518,4382
10518,16770
10529,33924
10529,60652
10538,43434
10538,43690
10582,5418
10582,20874
10640,960
10640,2816
10646,6614
10646,24966
10666,43434
10666,43690
10704,992
10704,15152
10710,7650
10710,29070
10778,8738
10778,23130
10784,0
10784,32896
10790,8738
10790,41634
10792,32896
10792,43690
10794,8738
10794,43690
10810,8738
10810,65278
10822,8706
10822,11822
10920,32896
10920,43690
10950,8706
10950,11822
11030,15678
11030,17346
11051,43690
11051,61680
11094,14602
11094,21450
11152,1984
11152,3840
11158,13814
11158,25542
11216,960
11216,16176
11222,12738
11222,29646
11272,0
11272,49152
11292,3084
11292,52428
11300,0
11300,1028
11336,1028
11336,49152
11360,0
11360,64
11392,0
11392,49152
11424,0
11424,128
11456,0
11456,49152
11464,3084
11464,49152
11468,3084
11468,52428
11488,0
11488,192
11574,258
11574,4894
11638,258
11638,5950
11702,270
11702,7134
11766,270
11766,8190
11872,64
11872,1056
11936,128
11936,2048
12000,192
12000,3104
12086,770
12086,16190
12150,770
12150,16190
12214,782
12214,16382
12278,782
12278,16382
12448,0
12448,32896
12467,49152
12467,65532
12476,64752
12476,64764
12480,0
12480,48
12512,48
12512,32896
12530,61680
12530,65278
12536,61680
12536,64752
12538,64752
12538,65278
12976,52428
12976,61680
12978,52428
12978,65278
13256,3840
13256,13260
13440,0
13440,49152
13504,48
13504,49152
14272,62208
14272,65280
14280,13260
14280,65280
14284,13260
14284,65532
14392,61680
14392,65278
14496,0
14496,32896
14499,48060
14499,49698
14520,61680
14520,65278
14528,0
14528,48
14560,48
14560,32896
14563,48060
14563,49698
15011,48060
15011,49698
15304,3840
15304,13260
15488,0
15488,49152
15500,49152
15500,52428
15552,48
15552,49152
15746,64770
15746,65280
15756,49152
15756,65532
16000,49152
16000,65280
16328,13260
16328,65280
16332,13260
16332,65532
16518,8706
16518,18946
16582,11790
16582,19970
16584,0
16584,3084
16616,3084
16616,32896
16854,28066
16854,31134
17030,8738
17030,16930
17094,11822
17094,16898
17096,0
17096,3084
17136,61632
17136,61680
17137,61632
17137,62462
17138,61632
17138,65278
17302,17846
17302,27606
17366,16770
17366,31710
17392,61632
17392,65520
17568,64
17568,16512
17632,64
17632,16576
17846,4382
17846,31710
17910,4382
17910,32766
18080,10304
18080,16512
18144,11360
18144,16576
18358,4894
18358,32766
18380,52428
18380,65532
18422,4894
18422,32766
18566,8706
18566,18946
18630,11790
18630,19970
18632,0
18632,3084
18664,3084
18664,32896
18832,2816
18832,9088
18896,9120
18896,15152
18902,28066
18902,31134
19078,8738
19078,16930
19142,11822
19142,16898
19344,1920
19344,3840
19350,17846
19350,27606
19408,896
19408,16176
19414,16770
19414,31710
19616,64
19616,16512
19654,52428
19654,52942
19680,64
19680,16576
19894,4382
19894,31710
19908,60652
19908,65532
19916,52428
19916,65532
19958,4382
19958,32766
20108,52428
20108,61680
20128,10304
20128,16512
20160,49152
20160,65532
20192,11360
20192,16576
20364,61680
20364,65532
20406,4894
20406,32766
20416,65280
20416,65532
20470,4894
20470,32766
22752,12400
22752,32896
23685,33796
23685,52686
23708,51400
23708,64764
23749,35852
23749,53198
24197,33860
24197,56798
26758,8706
26758,18946
26822,11790
26822,19970
27050,43434
27050,43690
27094,28066
27094,31134
27270,8738
27270,16930
27304,32896
27304,43690
27334,11822
27334,16898
27542,17846
27542,27606
27606,16770
27606,31710
27808,64
27808,16512
27848,3148
27848,49152
27872,64
27872,16576
28086,4382
28086,31710
28150,4382
28150,32766
28320,10304
28320,16512
28384,11360
28384,16576
28598,4894
28598,32766
28662,4894
28662,32766
30904,61680
30904,65278
32768,0
32768,32768
32776,0
32776,32768
32800,32768
32800,32896
32820,32832
32820,61440
32832,0
32832,32768
32840,0
32840,33796
32864,32768
32864,32896
32896,0
32896,32896
32900,3084
32900,32896
32904,0
32904,34952
32912,12336
32912,32896
32932,32896
32932,33796
32936,32896
32936,34952
32944,32896
32944,61680
32948,32896
32948,61440
32956,35980
32956,64524
32968,0
32968,35980
32972,3084
32972,35980
32984,12336
32984,35980
33000,32896
33000,35980
33016,35980
33016,61680
33020,35980
33020,65280
33288,0
33288,40992
33290,8738
33290,41506
33322,41506
33322,43690
33392,61632
33392,61680
33394,61632
33394,65278
33414,8738
33414,41634
33416,0
33416,43176
33418,8738
33418,43690
33434,23130
33434,43690
33448,32896
33448,43176
33466,43690
33466,65278
33520,61632
33520,61680
33522,61632
33522,65278
33648,61632
33648,65520
33650,54238
33650,61632
33776,61632
33776,65520
33778,61632
33778,62462
33920,32896
33920,49152
33924,32896
33924,52428
33928,34952
33928,49152
33936,32816
33936,32896
33940,32896
33940,34952
33992,35980
33992,49152
33996,35980
33996,52428
34438,41634
34438,58082
34440,43176
34440,49152
34500,52428
34500,60652
34502,60652
34502,61166
34756,60652
34756,65532
34816,0
34816,32768
34848,32768
34848,32896
34868,32832
34868,61440
34880,0
34880,32768
34912,32768
34912,32896
34944,0
34944,32896
34948,3084
34948,32896
34952,0
34952,34952
34960,12336
34960,32896
34980,32896
34980,33796
34984,32896
34984,34952
34992,32896
34992,61680
34996,32896
34996,61440
35004,35980
35004,64524
35016,0
35016,35980
35020,3084
35020,35980
35032,12336
35032,35980
35048,32896
35048,35980
35064,35980
35064,61680
35464,0
35464,43176
35466,8738
35466,43690
35482,23130
35482,43690
35494,43562
35494,43690
35496,32896
35496,43176
35514,43690
35514,65278
35840,32768
35840,49152
35860,32832
35860,51400
35904,32768
35904,49152
35910,52428
35910,52942
35968,32896
35968,49152
35972,32896
35972,52428
35976,34952
35976,49152
35984,32896
35984,49200
35988,32896
35988,51400
35996,35980
35996,52428
36038,52428
36038,52942
36040,35980
36040,49152
36044,35980
36044,52428
36164,60652
36164,65532
36172,52428
36172,65532
36292,60652
36292,65532
36300,52428
36300,65532
36364,52428
36364,61680
36416,49152
36416,65532
36488,43176
36488,49152
36492,52428
36492,61680
36494,43690
36494,61680
36544,49152
36544,65532
36620,61680
36620,65532
36672,65280
36672,65532
36748,61680
36748,65532
36800,65280
36800,65532
36872,0
36872,32768
36992,0
36992,32896
37042,32896
37042,65278
37046,34688
37046,65054
37050,34944
37050,65278
37106,32896
37106,65278
37110,34688
37110,65054
37114,34944
37114,65278
37384,0
37384,32768
37386,8738
37386,33282
37504,0
37504,33920
37536,32896
37536,33920
37554,32896
37554,65278
37558,34688
37558,65054
37562,34944
37562,65278
37618,32896
37618,65278
37626,34944
37626,65278
37760,3840
37760,34688
37764,13260
37764,34688
38036,45232
38036,47288
38784,34688
38784,65280
38788,34688
38788,65532
38912,0
38912,32768
38976,0
38976,32816
39040,0
39040,32896
39048,0
39048,34952
39082,35466
39082,43690
39098,35466
39098,65278
39146,36490
39146,43690
39162,36490
39162,65278
39338,39578
39338,42410
39560,0
39560,43176
39562,8738
39562,43690
39596,35916
39596,43180
39610,43690
39610,65278
39658,43690
39658,44714
39674,44714
39674,65278
39964,51400
39964,64764
40076,34952
40076,52428
40084,45232
40084,63736
40124,11822
40124,48316
40140,35980
40140,52428
40196,32768
40196,65532
40198,32816
40198,61938
40204,32768
40204,65532
40260,32832
40260,65532
40262,32880
40262,61950
40268,32832
40268,65532
40332,34952
40332,65532
40388,59628
40388,65532
40588,47288
40588,52428
40600,47288
40600,61552
40634,8738
40634,47802
40636,8738
40636,47292
40652,48316
40652,52428
40708,45056
40708,65532
40710,45104
40710,62450
40716,45056
40716,65532
40772,45120
40772,65532
40780,45120
40780,65532
40836,64720
40836,65532
40844,47288
40844,65532
40908,48316
40908,65532
41088,0
41088,32896
41092,3084
41092,32896
41096,0
41096,34952
41104,12336
41104,32896
41122,32896
41122,43690
41124,32896
41124,33924
41128,32896
41128,34952
41130,32896
41130,43690
41132,32896
41132,35980
41136,32896
41136,61680
41138,32896
41138,65278
41140,32896
41140,61632
41144,32896
41144,61680
41146,32896
41146,65278
41160,0
41160,35980
41164,3084
41164,35980
41176,12336
41176,35980
41186,32896
41186,43690
41192,32896
41192,35980
41194,32896
41194,43690
41196,32896
41196,35980
41200,32896
41200,61680
41212,32896
41212,35980
41376,32896
41376,34688
41378,32896
41378,35210
41384,32896
41384,34688
41386,32896
41386,43434
41440,32896
41440,34688
41448,32896
41448,34688
41608,0
41608,43176
41610,8738
41610,43690
41626,23130
41626,43690
41634,32896
41634,43690
41636,32896
41636,33924
41640,32896
41640,43176
41642,32896
41642,43690
41644,32896
41644,35980
41648,32896
41648,61680
41650,32896
41650,65278
41656,32896
41656,61680
41660,32896
41660,43180
41698,32896
41698,43690
41706,32896
41706,43690
41712,32896
41712,61680
41714,32896
41714,65278
41720,32896
41720,61680
42112,32896
42112,49152
42116,32896
42116,52428
42120,34952
42120,49152
42128,32816
42128,32896
42132,32896
42132,34952
42144,23130
42144,32896
42148,23130
42148,32896
42152,23130
42152,34952
42160,23130
42160,32896
42164,23130
42164,32896
42172,23130
42172,35980
42184,35980
42184,49152
42188,35980
42188,52428
42216,23130
42216,35980
42220,23130
42220,35980
42232,23130
42232,35980
42236,23130
42236,35980
42632,43176
42632,49152
42664,23130
42664,43176
42666,23130
42666,43690
42684,23130
42684,43180
43008,0
43008,32768
43040,32768
43040,32896
43060,32832
43060,61632
43072,0
43072,32768
43104,32768
43104,32896
43136,0
43136,32896
43140,3084
43140,32896
43144,0
43144,34952
43152,12336
43152,32896
43168,32896
43168,43690
43180,35980
43180,43690
43186,43690
43186,65278
43192,43690
43192,61680
43208,0
43208,35980
43212,3084
43212,35980
43224,12336
43224,35980
43232,32896
43232,43690
43244,35980
43244,43690
43248,43690
43248,61680
43250,43690
43250,65278
43260,35980
43260,43690
43306,43434
43306,43690
43424,34688
43424,43690
43426,35210
43426,43690
43432,34688
43432,43690
43434,43434
43434,43690
43436,35466
43436,43690
43488,34688
43488,43690
43496,34688
43496,43690
43560,32896
43560,43690
43564,35980
43564,47802
43616,32896
43616,43594
43618,43594
43618,43690
43632,43594
43632,61680
43634,43594
43634,65278
43640,43626
43640,61680
43656,0
43656,43176
43658,8738
43658,43690
43680,32896
43680,43690
43684,33924
43684,43690
43692,35980
43692,43690
43696,43690
43696,61680
43698,43690
43698,65278
43704,43690
43704,61680
43708,43180
43708,43690
43744,32896
43744,43690
43752,32896
43752,43690
43760,43690
43760,61680
43762,43690
43762,65278
43768,43690
43768,61680
43880,43626
43880,43690
44160,32896
44160,49152
44164,32896
44164,52428
44168,34952
44168,49152
44176,32896
44176,49200
44180,32896
44180,51400
44188,35980
44188,52428
44192,8738
44192,32896
44196,8738
44196,32896
44200,8738
44200,34952
44208,8738
44208,32896
44212,8738
44212,32896
44220,8738
44220,35980
44224,48060
44224,49152
44226,48060
44226,49698
44228,48060
44228,52428
44234,48060
44234,49698
44248,35980
44248,48060
44252,35980
44252,48060
44264,8738
44264,35980
44268,8738
44268,35980
44280,8738
44280,35980
44284,8738
44284,35980
44480,48060
44480,65280
44484,48060
44484,65532
44488,48060
44488,65280
44492,48060
44492,65532
44616,47984
44616,49152
44620,47984
44620,52428
44680,43176
44680,49152
44712,8738
44712,43176
44732,8738
44732,43180
44736,48060
44736,49152
44740,48060
44740,52428
44744,48060
44744,49152
44748,48060
44748,52428
44872,47984
44872,65280
44876,47984
44876,65532
44992,48060
44992,65280
44996,48060
44996,65532
45000,48060
45000,65280
45004,48060
45004,65532
45218,32896
45218,43690
45220,32896
45220,33988
45228,32896
45228,36044
45232,32896
45232,61680
45234,32896
45234,65278
45236,32896
45236,61680
45240,32896
45240,61680
45282,32896
45282,43690
45296,32896
45296,61680
45730,32896
45730,43690
45732,32896
45732,33988
45740,32896
45740,36044
45752,32896
45752,61680
45794,32896
45794,43690
45808,32896
45808,61680
45816,32896
45816,61680
47160,61680
47160,65278
47264,32896
47264,43690
47268,33988
47268,43690
47272,32896
47272,43690
47276,36044
47276,43690
47280,43690
47280,61680
47284,43690
47284,61680
47292,43690
47292,64764
47328,32896
47328,43690
47336,32896
47336,43690
47344,43690
47344,61680
47352,43690
47352,61680
47720,32896
47720,44654
47736,44654
47736,61680
47776,32896
47776,43690
47780,33988
47780,43690
47784,32896
47784,43690
47788,36044
47788,43690
47792,43690
47792,61680
47800,43690
47800,61680
47840,32896
47840,43690
47848,32896
47848,43690
47856,43690
47856,61680
47864,43690
47864,61680
48268,49152
48268,52428
48320,48060
48320,49152
48322,48060
48322,49698
48324,48060
48324,52428
48328,48060
48328,49152
48332,48060
48332,52428
48768,49152
48768,65280
48832,48060
48832,49152
48836,48060
48836,52428
48840,48060
48840,49152
48844,48060
48844,52428
49280,0
49280,49344
49284,3084
49284,49344
49288,0
49288,51400
49312,32896
49312,49344
49316,33796
49316,49344
49320,32896
49320,51400
49328,49344
49328,61680
49332,49344
49332,61440
49340,52428
49340,64524
49344,0
49344,49344
49352,0
49352,52428
49356,3084
49356,52428
49368,12336
49368,52428
49376,32896
49376,49344
49384,32896
49384,52428
49400,52428
49400,61680
49404,52428
49404,65280
49792,0
49792,49344
49800,0
49800,51432
49832,32896
49832,51432
49856,0
49856,49344
49864,0
49864,52428
49868,3084
49868,52428
49880,12336
49880,52428
49888,32896
49888,49344
49900,52428
49900,53184
50312,49152
50312,51400
50332,35980
50332,52428
50376,49152
50376,52428
50824,49152
50824,51432
50888,49152
50888,52428
50904,52428
50904,52942
51328,0
51328,49344
51332,3084
51332,49344
51336,0
51336,51400
51344,12336
51344,49344
51360,32896
51360,49344
51364,33796
51364,49344
51368,32896
51368,51400
51376,49344
51376,61680
51380,49344
51380,61440
51392,0
51392,49344
51400,0
51400,52428
51404,3084
51404,52428
51416,12336
51416,52428
51424,32896
51424,49344
51432,32896
51432,52428
51448,52428
51448,61680
51876,33796
51876,52686
51880,32896
51880,52942
51884,35852
51884,53198
51888,52430
51888,61680
51896,52942
51896,61680
51936,32896
51936,52430
51944,32896
51944,52942
51952,52430
51952,61680
51960,52942
51960,61680
52356,49344
52356,52428
52376,49264
52376,52428
52384,3084
52384,49344
52388,3084
52388,49344
52392,3084
52392,51400
52400,3084
52400,49344
52404,3084
52404,49344
52424,49152
52424,52428
52448,3084
52448,49344
52456,3084
52456,52428
52472,3084
52472,52428
52864,49152
52864,52428
52872,49152
52872,52428
52876,52428
52876,61680
52880,49200
52880,52428
52888,49264
52888,52428
52936,49152
52936,52428
53960,0
53960,64764
55424,0
55424,61632
55456,32896
55456,61632
55488,0
55488,61680
55492,3084
55492,61680
55520,32896
55520,61680
55968,32896
55968,56542
55972,33860
55972,56798
55976,32896
55976,57054
56008,0
56008,64764
56032,32896
56032,56542
56456,49152
56456,52428
56480,3084
56480,61632
56516,52428
56516,61680
56520,49152
56520,52428
56544,3084
56544,61680
56960,49152
56960,52428
56968,49152
56968,52428
57024,49152
57024,52428
57064,3084
57064,64764
59520,0
59520,49344
59528,0
59528,51400
59584,0
59584,49344
59592,0
59592,52428
60040,0
60040,59624
60064,32896
60064,65278
60104,0
60104,60652
60128,32896
60128,65278
60576,0
60576,49344
60640,0
60640,49344
61088,0
61088,59584
61152,0
61152,60640
55,61440
55,64752
55,65520
127,61440
127,65280
127,65520
251,61440
251,65280
251,65520
755,61440
755,61632
755,65520
827,49344
827,61680
827,64764
831,49152
831,61680
831,65532
883,49344
883,61632
883,64764
1375,32896
1375,64704
1375,65278
1807,49344
1807,61680
1807,64764
1823,32896
1823,61680
1823,65278
3333,49344
3333,60652
3333,64764
3397,49344
3397,60652
3397,64764
3405,49344
3405,52428
3405,64764
3853,49344
3853,61680
3853,64764
8435,49152
8435,61632
8435,65532
8891,49152
8891,59624
8891,65532
12531,49152
12531,61680
12531,65532
12979,49152
12979,52428
12979,65532
40092,34952
40092,51400
40092,64764
40396,35980
40396,52428
40396,65532
41148,32896
41148,35980
41148,64716
41202,32896
41202,61632
41202,65278
41208,32896
41208,35980
41208,61680
41210,32896
41210,64704
41210,65278
43172,32896
43172,33924
43172,43690
43176,32896
43176,34952
43176,43690
43184,32896
43184,43690
43184,61680
43188,32896
43188,43690
43188,61632
43196,35980
43196,43690
43196,64716
43240,32896
43240,35980
43240,43690
43256,35980
43256,43690
43256,61680
43624,32896
43624,43626
43624,43690
43688,32896
43688,43176
43688,43690
44232,35980
44232,48060
44232,49152
44236,35980
44236,48060
44236,52428
45244,32896
45244,64752
45244,64764
45298,32896
45298,61680
45298,65278
45304,32896
45304,61680
45304,64752
45744,32896
45744,52428
45744,61680
45746,32896
45746,52428
45746,65278
47288,43690
47288,61680
47288,65278
49896,32896
49896,52416
49896,52428
49904,49344
49904,61632
49904,61680
49912,52416
49912,52428
49912,61680
51872,32896
51872,51392
51872,52430
52352,49152
52352,49344
52352,52428
52360,49152
52360,51400
52360,52428
52368,49200
52368,49344
52368,52428
52372,49344
52372,51400
52372,52428
52416,49152
52416,49344
52416,52428
52928,49152
52928,52428
52928,65532
53992,32896
53992,64752
53992,64764
56040,32896
56040,57054
56040,64764
56448,49152
56448,52428
56448,61632
56512,49152
56512,52428
56512,61680
57032,49152
57032,52428
57032,64764
59552,32896
59552,49344
59552,65278
59560,32896
59560,51400
59560,65278
59616,32896
59616,49344
59616,65278
59624,32896
59624,52428
59624,65278
60552,49152
60552,51400
60552,65532
60616,49152
60616,52428
60616,65532
61064,49152
61064,59624
61064,65532
383,49152
383,64704
383,65280
383,65532
8443,49152
8443,64704
8443,65280
8443,65532
41658,32896
41658,43690
41658,59624
41658,65278
60072,32896
60072,43690
60072,59624
60072,65278